00000000
00000000
00000000
00000000
00000000
00000000
00000000
00000000
00000000
00000000
00000000
00000000
00000000
00000000
00000000
00000000
00000000
00000000
00000000
00000000
00000000
00000000
00000000
00000000
00000000
00000000
00000000
00000000
41d9f041
00000000
00000000
00000000
00000000
00000000
00000000
4303c1b5
3f691ccf
00000000
00000000
00000000
00000000
00000000
4332e1bb
4353ff49
42a0eed7
424b42c1
42f4f07f
42e3a8ce
420b8f0e
00000000
00000000
00000000
00000000
00000000
00000000
00000000
00000000
00000000
00000000
00000000
4203f30d
00000000
4250ad0a
00000000
00000000
00000000
00000000
00000000
00000000
00000000
41c8e071
00000000
00000000
00000000
00000000
00000000
3fab6045
42a3f02f
42569ebb
00000000
00000000
00000000
00000000
00000000
42af1ae8
42350720
413a654b
425711c6
00000000
00000000
00000000
4326efd2
4346f9d9
436d738e
43962070
438ec255
42a734ff
41cae625
00000000
422efadb
00000000
00000000
00000000
00000000
00000000
00000000
430a8d05
42c0cf74
00000000
00000000
00000000
00000000
428b1e70
4362e023
42ee0556
00000000
00000000
00000000
00000000
41e43b00
43578257
438218d9
00000000
00000000
00000000
00000000
3fcce48e
439d7058
44031466
43086383
00000000
00000000
00000000
00000000
4360e296
43d195a8
43f05647
43095c79
00000000
00000000
42aab4eb
42d4d00e
43993939
43f49d16
43c13f53
3f933430
42b09229
00000000
00000000
00000000
00000000
00000000
00000000
00000000
00000000
00000000
00000000
00000000
00000000
00000000
00000000
00000000
00000000
00000000
00000000
00000000
00000000
00000000
00000000
00000000
00000000
00000000
00000000
00000000
00000000
00000000
00000000
00000000
40ba9073
00000000
00000000
00000000
00000000
00000000
00000000
431da1ba
00000000
00000000
00000000
432a1f2e
42ce81eb
4319f019
43d8939c
43b55e12
430f9466
42872674
00000000
00000000
00000000
00000000
00000000
00000000
00000000
42558a1a
00000000
00000000
00000000
00000000
00000000
00000000
433c7a4d
4310d2cb
00000000
00000000
00000000
00000000
00000000
43741190
431ac658
00000000
00000000
00000000
00000000
00000000
43a7ba7a
43cce890
00000000
00000000
00000000
00000000
00000000
43c8f819
43f1638e
431fed6e
00000000
00000000
00000000
00000000
436834da
43a91b87
43afaaac
42420b2b
42a45b2a
42b5f316
41454c27
00000000
00000000
00000000
00000000
00000000
00000000
00000000
4216a145
42e6209c
00000000
00000000
00000000
00000000
00000000
42b18f01
431ad00e
00000000
00000000
00000000
00000000
00000000
4304352f
432f37c6
00000000
00000000
00000000
00000000
00000000
43976deb
43f9f7bb
438208e1
00000000
00000000
00000000
00000000
433b4bd7
43e0c972
43c3d05d
00000000
42692041
00000000
00000000
42e9ef18
43850cc1
4386b741
430f98fa
42b8f799
429510fd
415b572f
00000000
00000000
00000000
00000000
00000000
00000000
00000000
00000000
00000000
409d38c2
00000000
00000000
00000000
00000000
00000000
00000000
00000000
00000000
00000000
00000000
00000000
00000000
00000000
00000000
00000000
00000000
00000000
00000000
00000000
00000000
00000000
00000000
00000000
00000000
00000000
00000000
4276ea6c
00000000
00000000
4216c013
00000000
00000000
430fe3b8
43a68273
4346a4aa
43484132
43cd4cc8
43623ea7
42c54e8d
00000000
00000000
00000000
00000000
00000000
00000000
00000000
00000000
00000000
00000000
00000000
00000000
00000000
00000000
00000000
00000000
00000000
00000000
00000000
00000000
00000000
00000000
00000000
00000000
00000000
00000000
00000000
00000000
00000000
00000000
00000000
00000000
00000000
00000000
00000000
00000000
00000000
00000000
00000000
00000000
00000000
00000000
43d73cb6
43955c9b
43bf2ec2
43dd6bd8
43d13b73
43e9f99f
4300da80
00000000
00000000
00000000
00000000
00000000
00000000
00000000
00000000
00000000
00000000
00000000
00000000
00000000
00000000
00000000
00000000
00000000
00000000
00000000
00000000
00000000
00000000
00000000
00000000
00000000
00000000
00000000
00000000
00000000
00000000
00000000
00000000
00000000
00000000
00000000
00000000
00000000
00000000
00000000
00000000
00000000
00000000
43c03ee1
43cb5402
435fcfb3
435228b0
43344a51
4347e79e
422d0d56
00000000
00000000
00000000
00000000
00000000
00000000
00000000
00000000
00000000
00000000
00000000
00000000
00000000
00000000
00000000
00000000
00000000
00000000
00000000
00000000
00000000
00000000
00000000
00000000
00000000
00000000
00000000
00000000
42de8603
00000000
00000000
00000000
00000000
00000000
00000000
43755758
4369e0fb
4334e0d0
00000000
00000000
00000000
00000000
439f99ce
43ef9416
43b6c6c0
43a800c6
43531be1
430a416e
3f39a7fd
