41955fea
428840ae
40cdba9e
00000000
430457be
435da6d1
43e6856a
42d2c963
419cd989
4298ae27
436ac5b5
00000000
43227774
42dcb1ec
439f57c4
4331802f
41a78bca
41ce5ea1
00000000
42023498
43af204d
00000000
00000000
00000000
00000000
00000000
00000000
00000000
00000000
00000000
00000000
00000000
00000000
00000000
00000000
00000000
00000000
00000000
00000000
00000000
00000000
00000000
00000000
00000000
00000000
00000000
00000000
00000000
00000000
43823234
42ffe361
00000000
439803ee
43434301
435e2d24
430bc3c0
00000000
00000000
00000000
00000000
42b82932
00000000
00000000
00000000
00000000
00000000
42aa844e
435d7824
434e8aa5
429dfe05
00000000
00000000
00000000
00000000
00000000
00000000
42023ec8
00000000
00000000
00000000
00000000
00000000
42f4dea8
402774d0
00000000
00000000
00000000
00000000
00000000
00000000
41828eb7
00000000
00000000
00000000
00000000
00000000
00000000
00000000
00000000
00000000
42e15ff2
43d6a104
4422bbbf
441f50e3
432250aa
00000000
00000000
00000000
00000000
00000000
438259e1
43bb9542
00000000
00000000
00000000
00000000
00000000
00000000
430649c2
00000000
00000000
00000000
00000000
00000000
00000000
41aa3628
00000000
00000000
00000000
00000000
00000000
00000000
42bb608a
00000000
00000000
00000000
00000000
00000000
00000000
00000000
00000000
00000000
00000000
4215d8a5
00000000
00000000
00000000
43e1a552
434fd9b3
43814274
44023a20
438bff78
4370f9ad
42c7bd32
43e61133
43ac8039
435c5f82
43afa62e
44244195
43fbbb09
43dacac3
00000000
00000000
00000000
00000000
424b636c
4364a982
44054108
00000000
00000000
00000000
00000000
00000000
00000000
439825e8
00000000
00000000
00000000
00000000
00000000
00000000
00000000
00000000
00000000
00000000
00000000
00000000
00000000
00000000
00000000
00000000
00000000
00000000
00000000
00000000
00000000
4279e202
43152890
4395dcb9
44063b61
442945ec
434a648b
424214dd
00000000
00000000
00000000
00000000
43561bf1
435a1d27
41632ca3
00000000
00000000
00000000
00000000
00000000
432e0d02
42b100dc
00000000
00000000
00000000
00000000
00000000
00000000
42c41209
00000000
00000000
00000000
00000000
00000000
00000000
428e0986
41fa8519
41b34860
00000000
00000000
00000000
00000000
00000000
42098c90
42985815
00000000
00000000
00000000
00000000
00000000
00000000
00000000
43ff900d
43fa5db1
432f0b84
00000000
431b9588
00000000
00000000
00000000
434254a4
41dad7d8
00000000
00000000
40195257
00000000
00000000
00000000
4220835e
00000000
00000000
00000000
00000000
00000000
00000000
00000000
00000000
00000000
00000000
00000000
00000000
00000000
4286eebb
40b0302c
00000000
00000000
00000000
00000000
00000000
00000000
00000000
00000000
00000000
00000000
00000000
00000000
00000000
00000000
00000000
429d19f7
42ba8b17
00000000
423aa96b
43807c5e
43b83496
43a62562
4161e3b2
00000000
00000000
00000000
00000000
00000000
4220aea1
00000000
00000000
00000000
00000000
00000000
00000000
41af9980
00000000
00000000
00000000
00000000
00000000
00000000
4322010c
00000000
00000000
00000000
00000000
00000000
00000000
42b41081
00000000
00000000
00000000
00000000
00000000
00000000
00000000
00000000
00000000
00000000
00000000
00000000
00000000
00000000
42b250a4
43163436
4306d222
42927b74
4133a409
00000000
4395a8c2
00000000
00000000
00000000
00000000
00000000
00000000
00000000
00000000
00000000
00000000
00000000
00000000
00000000
00000000
00000000
00000000
00000000
00000000
00000000
00000000
410d93f1
00000000
00000000
00000000
00000000
00000000
00000000
42a80a79
00000000
00000000
00000000
00000000
00000000
00000000
00000000
00000000
00000000
00000000
00000000
00000000
00000000
00000000
434864f9
4433ea19
4320db35
434ccc81
42dac7dd
4399e2b1
43f8ac1d
00000000
00000000
40cbb8d2
00000000
00000000
00000000
42841168
00000000
00000000
431a56a9
00000000
00000000
00000000
422c67e9
00000000
00000000
42338f2c
400fb07e
00000000
00000000
41d51843
00000000
00000000
00000000
43cf1f9f
00000000
00000000
00000000
00000000
00000000
00000000
431fc4ad
00000000
00000000
00000000
00000000
00000000
00000000
00000000
00000000
00000000
00000000
4302218a
435d6a2a
436c07c1
43881d36
42fed7b4
43b33875
440c6465
00000000
00000000
00000000
00000000
00000000
00000000
00000000
4301c68d
00000000
00000000
4274118e
4310e354
00000000
00000000
00000000
00000000
00000000
00000000
00000000
00000000
00000000
00000000
00000000
00000000
00000000
00000000
00000000
4162e68a
4268a3e2
00000000
00000000
00000000
00000000
00000000
41a79259
00000000
41df5084
00000000
00000000
00000000
00000000
00000000
