42b54b3b
00000000
00000000
00000000
00000000
00000000
00000000
43925220
431100d8
42df7524
40d3f1f8
00000000
00000000
00000000
43a599c4
433b6af7
42917c59
00000000
00000000
00000000
00000000
4323089c
00000000
00000000
00000000
00000000
00000000
00000000
00000000
00000000
00000000
00000000
00000000
00000000
00000000
00000000
00000000
00000000
00000000
00000000
00000000
00000000
00000000
00000000
00000000
00000000
00000000
00000000
00000000
43cc86f5
43a73903
00000000
00000000
00000000
42cc0fff
423f2e66
431c0b8d
00000000
00000000
00000000
42ccadd0
00000000
00000000
00000000
00000000
00000000
422e07a9
43585dec
4323dfcb
421348ab
00000000
00000000
00000000
00000000
3fe44200
4241f423
00000000
41935609
00000000
00000000
00000000
00000000
42e7fa93
42c463f0
00000000
00000000
00000000
00000000
00000000
00000000
00000000
00000000
00000000
00000000
00000000
00000000
00000000
00000000
42bc2253
416213bd
42b8b5b5
41d0cfad
42afd861
42d6cd6b
423e52e1
427249c9
40a3af2c
00000000
00000000
00000000
00000000
00000000
4260253b
41a16767
00000000
00000000
00000000
00000000
00000000
42b4782f
411bede0
00000000
00000000
00000000
00000000
00000000
42a95394
00000000
00000000
00000000
00000000
00000000
00000000
425eebeb
00000000
00000000
00000000
00000000
00000000
00000000
00000000
00000000
00000000
00000000
00000000
00000000
00000000
43e2dbf4
43dec0f6
43ed4309
44130083
43726537
4382758f
42bbdcb8
43ebf2be
43901467
43c7ad52
43b27f1b
42311b67
437a3004
431f86a5
42e3cbe1
00000000
00000000
00000000
00000000
00000000
00000000
00000000
00000000
00000000
00000000
00000000
00000000
00000000
00000000
00000000
00000000
00000000
00000000
00000000
00000000
00000000
00000000
00000000
00000000
00000000
00000000
00000000
00000000
00000000
00000000
00000000
00000000
00000000
00000000
430c310d
43a4a6c6
43f04125
43c04abe
4348d692
4208ccd6
00000000
431b7746
42d4ad4e
00000000
00000000
00000000
00000000
00000000
00000000
00000000
00000000
00000000
00000000
00000000
00000000
00000000
00000000
00000000
00000000
00000000
00000000
00000000
00000000
00000000
00000000
00000000
00000000
00000000
00000000
00000000
00000000
00000000
00000000
00000000
00000000
00000000
00000000
00000000
00000000
00000000
00000000
00000000
00000000
42de6d5b
42882f10
4321823d
4233beb8
41f27a54
00000000
00000000
428a665b
00000000
00000000
00000000
00000000
00000000
00000000
42bf0c83
41626389
00000000
00000000
00000000
00000000
00000000
426770f6
00000000
00000000
00000000
00000000
00000000
00000000
00000000
00000000
00000000
00000000
00000000
00000000
00000000
41977b9a
00000000
00000000
00000000
00000000
00000000
00000000
00000000
00000000
00000000
00000000
00000000
00000000
00000000
42c8b3ea
00000000
00000000
00000000
00000000
00000000
00000000
42eb5fd6
00000000
426503d0
00000000
00000000
00000000
00000000
42b55fbf
00000000
00000000
00000000
00000000
00000000
00000000
00000000
00000000
00000000
00000000
00000000
00000000
00000000
00000000
00000000
00000000
00000000
00000000
00000000
00000000
00000000
00000000
00000000
00000000
00000000
00000000
00000000
00000000
00000000
00000000
00000000
00000000
00000000
00000000
431f2556
00000000
00000000
00000000
00000000
00000000
00000000
00000000
00000000
00000000
00000000
00000000
42535a25
428912e2
41bb7c4c
00000000
00000000
00000000
00000000
423bf22c
420c03ba
429f0b23
00000000
00000000
00000000
00000000
42686baf
42d7338e
4148b7ec
00000000
00000000
00000000
00000000
00000000
42b8fb74
00000000
00000000
00000000
00000000
00000000
00000000
00000000
00000000
00000000
00000000
00000000
00000000
00000000
00000000
00000000
00000000
00000000
00000000
00000000
00000000
00000000
00000000
00000000
00000000
00000000
00000000
00000000
00000000
00000000
00000000
00000000
00000000
00000000
00000000
00000000
423422f9
00000000
00000000
00000000
00000000
00000000
00000000
00000000
00000000
00000000
00000000
00000000
00000000
00000000
00000000
00000000
00000000
00000000
00000000
00000000
00000000
00000000
00000000
00000000
00000000
00000000
00000000
00000000
435181b8
00000000
00000000
00000000
00000000
00000000
00000000
4256c58f
00000000
00000000
00000000
00000000
00000000
00000000
424b8d81
00000000
3e7bc629
418bdaef
00000000
00000000
00000000
00000000
00000000
00000000
00000000
00000000
00000000
00000000
00000000
00000000
00000000
00000000
00000000
00000000
00000000
00000000
00000000
00000000
00000000
00000000
00000000
00000000
00000000
00000000
00000000
00000000
00000000
00000000
00000000
