42164e6a
43084d66
43183899
43735f70
43662d84
432d03a6
440ae8db
00000000
430401d6
43574abc
43ba278a
43803b39
434e3b4e
427b5ea9
00000000
42bba2f1
42bfbc98
00000000
00000000
00000000
00000000
00000000
00000000
00000000
00000000
00000000
00000000
00000000
00000000
00000000
00000000
00000000
00000000
00000000
00000000
00000000
00000000
00000000
00000000
00000000
00000000
00000000
00000000
00000000
00000000
00000000
00000000
00000000
00000000
4235ac54
42930637
429fa197
429eb06c
42992346
42eb0ec3
434ab746
42cb16b4
439ca648
43cfd49a
4404b934
43dc4218
4323a3c6
42e2b234
424a80de
438f5099
4347f2d8
438e5794
43acf910
43a66c39
439d6dcb
00000000
00000000
00000000
00000000
00000000
4296f7cf
43447cff
00000000
00000000
00000000
00000000
00000000
00000000
00000000
00000000
00000000
00000000
00000000
00000000
00000000
00000000
00000000
00000000
00000000
00000000
00000000
00000000
00000000
3f801c35
434b296b
43529b07
434080e0
432c4b00
43de9846
44834962
00000000
00000000
00000000
00000000
00000000
00000000
00000000
00000000
00000000
00000000
00000000
00000000
00000000
00000000
00000000
00000000
00000000
00000000
00000000
00000000
00000000
00000000
00000000
00000000
00000000
00000000
00000000
00000000
00000000
00000000
00000000
00000000
00000000
00000000
00000000
00000000
00000000
00000000
00000000
00000000
00000000
00000000
433b571d
43fac854
441e8806
439ede11
434026c7
43a70b46
436d4343
00000000
00000000
430b2cbb
43a27e69
4356fa36
00000000
424acdc1
4237f66d
00000000
00000000
00000000
00000000
3f58e9f0
00000000
00000000
416e164f
00000000
00000000
00000000
426c37e5
41d1c06b
00000000
00000000
00000000
00000000
00000000
00000000
41e24015
00000000
00000000
00000000
00000000
00000000
00000000
00000000
00000000
00000000
00000000
00000000
00000000
00000000
00000000
429571a9
42f8a9b0
42625a32
43647951
43f29755
43bd64c8
4395d82d
00000000
435b828d
4112e5b8
00000000
00000000
42648c79
4335ab74
00000000
00000000
00000000
00000000
00000000
429f05dc
430af2b4
00000000
00000000
4003295f
4134317a
42085a36
00000000
42b32653
00000000
00000000
00000000
00000000
00000000
00000000
416becc1
00000000
00000000
00000000
00000000
00000000
00000000
00000000
00000000
00000000
00000000
00000000
00000000
00000000
00000000
42094954
43108c35
43238321
433169a4
434b7753
43aca2f3
441cc411
4186f05a
00000000
00000000
00000000
00000000
00000000
41ffc263
00000000
00000000
00000000
00000000
00000000
00000000
00000000
00000000
00000000
00000000
00000000
00000000
00000000
00000000
00000000
00000000
00000000
00000000
00000000
00000000
00000000
00000000
00000000
00000000
00000000
00000000
00000000
00000000
00000000
00000000
00000000
00000000
00000000
00000000
00000000
42343741
43227303
435c3197
43719af8
42933937
43f98d24
443967b0
00000000
00000000
421d72fe
00000000
00000000
00000000
00000000
00000000
00000000
00000000
00000000
00000000
00000000
00000000
00000000
00000000
00000000
00000000
00000000
4084dd21
00000000
00000000
00000000
00000000
00000000
00000000
4189270e
00000000
00000000
00000000
00000000
00000000
00000000
00000000
00000000
00000000
00000000
00000000
00000000
00000000
00000000
00000000
422ecc15
4377cca8
43c57dbb
437f0c4c
436c1676
43cf76f1
445180bb
00000000
00000000
00000000
00000000
00000000
00000000
00000000
00000000
00000000
00000000
00000000
00000000
00000000
00000000
00000000
00000000
00000000
00000000
00000000
00000000
00000000
00000000
00000000
00000000
00000000
00000000
00000000
00000000
00000000
00000000
00000000
00000000
00000000
00000000
00000000
00000000
00000000
00000000
00000000
00000000
00000000
00000000
4225b565
4338cb1e
438a7252
436d3f70
43172b5f
438eab9f
4412d4a2
42d9127e
00000000
00000000
00000000
00000000
00000000
00000000
42afb458
431ffe11
4200672c
00000000
00000000
00000000
00000000
00000000
00000000
00000000
00000000
00000000
00000000
41df6e34
00000000
00000000
00000000
00000000
00000000
00000000
00000000
00000000
00000000
00000000
00000000
00000000
00000000
00000000
00000000
00000000
00000000
00000000
00000000
00000000
00000000
00000000
43c0e614
43cf62d2
43a25f81
4381f1ea
4371f9ad
43b25ba8
00000000
00000000
00000000
00000000
42b2faf1
00000000
3ffe7cd6
00000000
00000000
00000000
00000000
4312175d
41f26e7a
00000000
00000000
00000000
00000000
00000000
00000000
00000000
42f8ad05
00000000
00000000
00000000
00000000
00000000
00000000
434c156f
00000000
00000000
00000000
00000000
00000000
00000000
00000000
00000000
00000000
00000000
00000000
00000000
00000000
00000000
