00000000
00000000
00000000
00000000
00000000
00000000
00000000
00000000
00000000
00000000
00000000
00000000
00000000
00000000
00000000
00000000
00000000
00000000
00000000
00000000
00000000
41bd3886
00000000
00000000
00000000
41bc6d4c
00000000
00000000
41073efc
00000000
00000000
00000000
00000000
00000000
00000000
00000000
00000000
00000000
00000000
00000000
00000000
00000000
4245f5ab
42b6150d
42fd8b65
4305c5a2
4251137e
42914809
4139622c
00000000
00000000
00000000
00000000
00000000
00000000
00000000
00000000
00000000
00000000
00000000
00000000
00000000
00000000
41b1c33b
00000000
00000000
00000000
00000000
00000000
00000000
42a71181
00000000
00000000
00000000
00000000
00000000
00000000
42a311f1
00000000
00000000
00000000
00000000
00000000
00000000
00000000
00000000
00000000
00000000
00000000
00000000
00000000
42faf581
4282b4eb
4349f1c7
4321899f
4322e729
435f13ee
42a4c3ba
00000000
00000000
00000000
00000000
00000000
00000000
00000000
421cb570
00000000
00000000
00000000
00000000
00000000
00000000
00000000
00000000
00000000
00000000
00000000
00000000
00000000
00000000
00000000
00000000
00000000
00000000
00000000
00000000
00000000
00000000
00000000
00000000
00000000
00000000
00000000
00000000
00000000
00000000
00000000
00000000
00000000
00000000
431d0757
428d67b2
431e7e7a
42d9f8e8
434c0a75
437fbe88
42fcace5
43013a07
00000000
00000000
00000000
00000000
00000000
00000000
435424f3
00000000
00000000
00000000
00000000
00000000
00000000
4301bc3d
431f90aa
434fb940
00000000
00000000
00000000
00000000
41f4155c
00000000
00000000
00000000
00000000
00000000
00000000
42b6eeb0
4147c032
00000000
00000000
00000000
00000000
00000000
00000000
4232b21f
00000000
00000000
00000000
00000000
00000000
41818a0f
422a6299
42484669
423b1bf3
42213538
41c93bd3
41b06304
00000000
00000000
00000000
00000000
00000000
00000000
00000000
00000000
00000000
00000000
00000000
00000000
00000000
00000000
42f669fe
00000000
00000000
00000000
00000000
00000000
00000000
42e29d57
00000000
00000000
00000000
00000000
00000000
00000000
43339850
00000000
00000000
00000000
00000000
00000000
00000000
42a32f6c
00000000
00000000
00000000
00000000
00000000
00000000
42a2d98b
432d1034
42d57478
422c050e
42e1cc67
42f942ee
429d0b4f
00000000
00000000
00000000
00000000
00000000
00000000
00000000
00000000
00000000
00000000
00000000
00000000
00000000
00000000
00000000
00000000
00000000
00000000
00000000
00000000
00000000
41f472aa
00000000
00000000
00000000
00000000
00000000
00000000
43059071
00000000
00000000
00000000
00000000
00000000
00000000
434575f8
00000000
00000000
00000000
00000000
00000000
00000000
4349771f
43ba595f
4377a490
43544fce
4367c2a0
434e5dad
42f81f6e
00000000
00000000
00000000
00000000
00000000
00000000
00000000
00000000
00000000
00000000
00000000
00000000
00000000
00000000
00000000
00000000
00000000
00000000
00000000
00000000
00000000
00000000
00000000
00000000
00000000
00000000
00000000
00000000
00000000
00000000
00000000
00000000
00000000
00000000
00000000
00000000
00000000
00000000
00000000
00000000
00000000
00000000
42e7098d
42b7a7b3
429dbb2b
433779df
4346f907
433061d3
42fc095a
412fd45e
00000000
00000000
00000000
00000000
00000000
00000000
4351a3d5
00000000
00000000
00000000
00000000
00000000
00000000
42e5a6cb
00000000
00000000
00000000
00000000
00000000
00000000
42c2f1a7
00000000
00000000
00000000
00000000
00000000
00000000
4114bb2f
00000000
00000000
00000000
00000000
00000000
00000000
00000000
00000000
00000000
00000000
00000000
00000000
00000000
41af1230
43157b8c
436dfb4e
00000000
42ec05bd
432f2840
42994e52
00000000
00000000
00000000
00000000
00000000
00000000
00000000
00000000
00000000
00000000
00000000
00000000
00000000
00000000
00000000
00000000
00000000
00000000
00000000
00000000
00000000
41e0204f
00000000
00000000
00000000
00000000
00000000
00000000
42845684
00000000
00000000
00000000
00000000
00000000
00000000
00000000
00000000
00000000
00000000
00000000
00000000
00000000
430b13c2
43992683
4381d6d2
435c198f
42c88a91
432cac38
42f314bb
00000000
00000000
00000000
00000000
00000000
00000000
00000000
41bfc3e5
00000000
00000000
00000000
00000000
00000000
00000000
426d37b5
00000000
00000000
00000000
00000000
00000000
00000000
42a2dad8
00000000
00000000
00000000
00000000
00000000
00000000
425b052e
00000000
3fcfa238
00000000
00000000
00000000
00000000
41c6c5a2
00000000
40ca1556
00000000
00000000
00000000
00000000
42bb1b8a
42d7a923
431d3c9f
431c3b46
42fde140
42b95585
42ad8112
