00000000
00000000
00000000
00000000
00000000
00000000
00000000
00000000
00000000
00000000
00000000
411a0124
00000000
00000000
00000000
00000000
00000000
00000000
00000000
00000000
00000000
00000000
00000000
00000000
00000000
42540b80
00000000
00000000
00000000
00000000
00000000
00000000
00000000
00000000
00000000
00000000
00000000
00000000
00000000
428e94d8
4310fb9e
00000000
00000000
00000000
00000000
00000000
00000000
00000000
00000000
00000000
00000000
41525327
420997e2
00000000
42c4a1d5
00000000
00000000
00000000
00000000
00000000
00000000
00000000
00000000
00000000
00000000
42cde817
42acfc12
00000000
42006992
00000000
00000000
00000000
00000000
00000000
00000000
00000000
00000000
00000000
00000000
00000000
00000000
00000000
00000000
00000000
00000000
00000000
00000000
00000000
00000000
00000000
00000000
00000000
00000000
00000000
00000000
428717ca
00000000
00000000
00000000
00000000
00000000
00000000
00000000
00000000
00000000
00000000
00000000
42a5b575
00000000
00000000
00000000
00000000
00000000
00000000
41d646eb
00000000
00000000
43884bf1
00000000
00000000
00000000
00000000
00000000
00000000
00000000
00000000
00000000
00000000
424c286b
00000000
00000000
4365bd06
41da1d9d
00000000
00000000
00000000
42727d37
00000000
00000000
00000000
00000000
00000000
00000000
00000000
00000000
00000000
00000000
00000000
00000000
00000000
41bba232
41636c6c
00000000
00000000
00000000
00000000
00000000
00000000
00000000
00000000
00000000
00000000
00000000
00000000
00000000
00000000
00000000
00000000
00000000
00000000
00000000
00000000
00000000
00000000
00000000
00000000
00000000
00000000
00000000
00000000
00000000
00000000
4081fab2
00000000
00000000
00000000
00000000
00000000
41eea745
00000000
00000000
00000000
00000000
00000000
00000000
00000000
3d8a273c
00000000
00000000
00000000
00000000
00000000
00000000
00000000
00000000
00000000
00000000
00000000
00000000
00000000
00000000
00000000
00000000
00000000
00000000
00000000
00000000
00000000
00000000
00000000
00000000
00000000
00000000
00000000
00000000
00000000
00000000
00000000
00000000
00000000
00000000
00000000
00000000
00000000
00000000
00000000
00000000
00000000
00000000
00000000
00000000
00000000
00000000
00000000
00000000
00000000
00000000
00000000
00000000
00000000
00000000
00000000
00000000
00000000
00000000
00000000
00000000
00000000
00000000
00000000
00000000
00000000
00000000
00000000
00000000
00000000
00000000
00000000
00000000
00000000
00000000
00000000
00000000
00000000
00000000
00000000
00000000
00000000
00000000
00000000
00000000
00000000
00000000
00000000
00000000
00000000
00000000
00000000
00000000
00000000
00000000
00000000
00000000
00000000
00000000
00000000
00000000
00000000
00000000
00000000
00000000
00000000
00000000
00000000
00000000
00000000
00000000
00000000
00000000
00000000
00000000
00000000
00000000
00000000
00000000
00000000
419b1cab
00000000
00000000
00000000
00000000
00000000
00000000
00000000
00000000
00000000
00000000
00000000
00000000
00000000
00000000
00000000
00000000
00000000
00000000
00000000
00000000
00000000
00000000
00000000
00000000
00000000
00000000
00000000
00000000
00000000
00000000
00000000
00000000
00000000
00000000
00000000
00000000
00000000
00000000
00000000
00000000
00000000
00000000
00000000
00000000
00000000
00000000
00000000
00000000
00000000
00000000
00000000
4111f90e
00000000
00000000
00000000
00000000
00000000
00000000
00000000
00000000
00000000
40818a64
00000000
00000000
00000000
4153365a
00000000
00000000
00000000
00000000
00000000
00000000
00000000
00000000
00000000
00000000
00000000
00000000
00000000
00000000
00000000
00000000
00000000
00000000
00000000
00000000
00000000
00000000
00000000
00000000
00000000
00000000
00000000
00000000
00000000
00000000
00000000
00000000
00000000
00000000
00000000
00000000
00000000
00000000
00000000
00000000
00000000
00000000
00000000
00000000
00000000
00000000
00000000
00000000
00000000
00000000
00000000
00000000
00000000
00000000
00000000
00000000
00000000
00000000
00000000
00000000
00000000
00000000
00000000
00000000
00000000
00000000
00000000
00000000
00000000
00000000
00000000
00000000
00000000
00000000
00000000
00000000
00000000
00000000
00000000
00000000
00000000
00000000
00000000
00000000
00000000
00000000
00000000
00000000
00000000
00000000
00000000
00000000
00000000
00000000
00000000
00000000
00000000
00000000
00000000
00000000
00000000
00000000
00000000
00000000
00000000
00000000
00000000
00000000
00000000
00000000
00000000
00000000
00000000
00000000
00000000
00000000
00000000
00000000
00000000
00000000
00000000
00000000
00000000
00000000
00000000
00000000
00000000
00000000
00000000
00000000
00000000
00000000
00000000
00000000
00000000
00000000
00000000
00000000
00000000
00000000
00000000
00000000
00000000
00000000
00000000
00000000
00000000
00000000
00000000
00000000
00000000
00000000
00000000
00000000
00000000
00000000
00000000
00000000
00000000
00000000
00000000
00000000
00000000
00000000
00000000
00000000
00000000
00000000
00000000
00000000
00000000
00000000
00000000
00000000
00000000
00000000
00000000
00000000
00000000
00000000
00000000
00000000
00000000
00000000
00000000
00000000
00000000
00000000
00000000
00000000
00000000
4297c4b8
00000000
00000000
00000000
00000000
00000000
00000000
00000000
00000000
00000000
00000000
00000000
00000000
00000000
41014367
00000000
00000000
00000000
00000000
00000000
00000000
00000000
00000000
00000000
00000000
00000000
00000000
00000000
40be0ec7
40abcd21
00000000
00000000
42a20e0b
00000000
420cb291
00000000
00000000
00000000
00000000
00000000
00000000
00000000
4101de50
429cb2ee
4240a32c
00000000
4329ca21
00000000
00000000
40837b4b
00000000
00000000
00000000
00000000
00000000
00000000
40e13241
42f7f532
42e99613
00000000
4296529c
00000000
00000000
00000000
00000000
411a06e8
00000000
00000000
00000000
00000000
00000000
4188e881
428a107c
00000000
42d494a6
00000000
00000000
00000000
00000000
426c1a1e
00000000
00000000
00000000
00000000
3f90c50d
00000000
00000000
00000000
425b5b9a
00000000
00000000
00000000
00000000
00000000
00000000
00000000
00000000
00000000
4239ac2d
00000000
00000000
40a8a1de
42143699
41530bc7
00000000
00000000
00000000
428078d8
00000000
00000000
00000000
00000000
4290f4f2
00000000
00000000
00000000
00000000
429cac1e
00000000
00000000
00000000
00000000
00000000
00000000
00000000
00000000
40f5fe52
00000000
41b735a2
42811030
00000000
00000000
428216aa
00000000
41719598
00000000
00000000
00000000
00000000
00000000
411c15e3
00000000
418241b2
424d2d04
00000000
00000000
00000000
00000000
41b40678
00000000
00000000
00000000
00000000
00000000
40c1ce5a
00000000
41309870
419eebd0
00000000
00000000
00000000
00000000
00000000
00000000
00000000
00000000
00000000
00000000
00000000
00000000
00000000
00000000
00000000
00000000
00000000
00000000
00000000
00000000
00000000
00000000
00000000
00000000
00000000
00000000
00000000
00000000
00000000
00000000
00000000
00000000
00000000
00000000
00000000
00000000
00000000
00000000
40475310
00000000
00000000
00000000
00000000
00000000
00000000
00000000
00000000
00000000
00000000
00000000
00000000
00000000
4144c812
00000000
00000000
00000000
00000000
00000000
00000000
00000000
00000000
00000000
00000000
00000000
00000000
00000000
00000000
00000000
00000000
00000000
00000000
41586381
00000000
00000000
00000000
00000000
00000000
00000000
00000000
00000000
00000000
00000000
00000000
00000000
00000000
422d3bd7
00000000
00000000
00000000
00000000
00000000
00000000
00000000
00000000
3f922eb9
00000000
00000000
00000000
00000000
41a203e4
00000000
00000000
00000000
00000000
00000000
00000000
00000000
00000000
422451c6
00000000
00000000
00000000
00000000
00000000
00000000
00000000
00000000
00000000
00000000
00000000
400adbe2
00000000
40a767cc
4233c8ec
00000000
00000000
00000000
00000000
00000000
00000000
432ab527
42ededca
00000000
00000000
00000000
00000000
00000000
40d23cba
00000000
00000000
00000000
00000000
00000000
00000000
421ca948
42e3d50a
00000000
00000000
00000000
00000000
00000000
41840d53
00000000
00000000
00000000
00000000
00000000
00000000
41f2cdf8
42b3708b
00000000
00000000
00000000
00000000
00000000
41e72b82
41c5f465
00000000
00000000
00000000
00000000
40c00c37
423ce20b
00000000
00000000
00000000
00000000
00000000
00000000
40cd9c57
00000000
00000000
00000000
00000000
00000000
00000000
00000000
00000000
00000000
00000000
00000000
00000000
3fd4b692
40d8d7d0
409acace
00000000
00000000
00000000
00000000
00000000
00000000
00000000
00000000
00000000
00000000
00000000
414fd0d2
00000000
40bb6ef6
428ff098
00000000
00000000
00000000
00000000
00000000
00000000
00000000
00000000
00000000
00000000
41043c3f
00000000
00000000
4210a068
00000000
00000000
00000000
00000000
40d67512
00000000
00000000
00000000
00000000
00000000
42590067
00000000
4017e08f
40d093bf
00000000
40529b2b
41296cfe
00000000
41cd20ad
422670fd
422316f4
00000000
00000000
00000000
40fb8482
00000000
00000000
00000000
00000000
00000000
00000000
00000000
00000000
00000000
00000000
00000000
00000000
00000000
00000000
00000000
00000000
00000000
00000000
00000000
00000000
00000000
00000000
00000000
00000000
00000000
00000000
00000000
00000000
00000000
00000000
00000000
00000000
00000000
00000000
00000000
00000000
00000000
00000000
00000000
00000000
00000000
40a58304
00000000
00000000
00000000
00000000
00000000
00000000
00000000
00000000
00000000
00000000
00000000
00000000
00000000
00000000
00000000
00000000
00000000
00000000
00000000
00000000
00000000
00000000
00000000
00000000
00000000
00000000
00000000
00000000
00000000
00000000
00000000
00000000
00000000
00000000
00000000
00000000
00000000
00000000
00000000
00000000
00000000
00000000
00000000
00000000
00000000
00000000
00000000
00000000
00000000
00000000
00000000
00000000
00000000
00000000
00000000
00000000
00000000
00000000
00000000
00000000
00000000
00000000
4259f56b
00000000
00000000
00000000
00000000
00000000
00000000
41b02efa
00000000
00000000
00000000
00000000
00000000
00000000
00000000
00000000
00000000
00000000
00000000
00000000
00000000
00000000
00000000
00000000
00000000
00000000
00000000
00000000
00000000
00000000
00000000
00000000
00000000
00000000
00000000
4245a46b
00000000
00000000
00000000
00000000
00000000
00000000
00000000
00000000
00000000
00000000
00000000
00000000
00000000
4297fb22
00000000
00000000
00000000
00000000
00000000
00000000
00000000
00000000
00000000
00000000
00000000
00000000
00000000
420587bb
00000000
422228fd
00000000
00000000
00000000
00000000
00000000
00000000
00000000
00000000
00000000
00000000
00000000
41e15659
41a75c3c
419e128b
00000000
00000000
00000000
00000000
00000000
00000000
41d6cd1a
00000000
00000000
00000000
00000000
00000000
00000000
00000000
00000000
00000000
00000000
00000000
00000000
4184dbdc
00000000
00000000
00000000
00000000
00000000
00000000
00000000
00000000
00000000
00000000
00000000
00000000
00000000
00000000
00000000
00000000
00000000
00000000
00000000
00000000
00000000
00000000
00000000
00000000
00000000
00000000
00000000
00000000
00000000
00000000
00000000
00000000
00000000
00000000
00000000
00000000
00000000
00000000
00000000
00000000
00000000
00000000
4318a5f7
00000000
00000000
00000000
00000000
00000000
00000000
00000000
00000000
00000000
00000000
00000000
42632293
00000000
00000000
00000000
00000000
00000000
00000000
00000000
00000000
00000000
00000000
00000000
00000000
00000000
42e24e50
00000000
00000000
00000000
00000000
00000000
00000000
00000000
00000000
00000000
00000000
00000000
00000000
00000000
00000000
00000000
00000000
00000000
00000000
00000000
00000000
00000000
00000000
00000000
00000000
00000000
00000000
00000000
00000000
00000000
00000000
00000000
00000000
00000000
00000000
00000000
00000000
00000000
00000000
00000000
00000000
00000000
00000000
00000000
00000000
00000000
00000000
00000000
00000000
00000000
00000000
00000000
00000000
00000000
00000000
00000000
00000000
00000000
00000000
00000000
00000000
00000000
42538d4f
00000000
00000000
00000000
00000000
00000000
00000000
00000000
00000000
00000000
00000000
00000000
00000000
00000000
00000000
00000000
00000000
00000000
00000000
00000000
00000000
00000000
00000000
00000000
00000000
00000000
00000000
00000000
00000000
00000000
00000000
00000000
00000000
00000000
00000000
00000000
00000000
40c42bc1
00000000
00000000
00000000
00000000
00000000
40b7420c
00000000
00000000
00000000
00000000
00000000
00000000
00000000
41777d98
00000000
00000000
00000000
00000000
00000000
00000000
00000000
00000000
00000000
00000000
00000000
00000000
00000000
00000000
00000000
41ab3f9c
00000000
00000000
00000000
41d7e820
00000000
00000000
00000000
00000000
00000000
00000000
00000000
00000000
00000000
00000000
00000000
00000000
00000000
429a3ac7
00000000
00000000
00000000
00000000
00000000
00000000
00000000
00000000
428d6cb8
00000000
00000000
00000000
00000000
418eac1d
00000000
00000000
00000000
00000000
00000000
00000000
00000000
00000000
409693b9
4309dd3a
00000000
00000000
00000000
00000000
00000000
00000000
00000000
00000000
00000000
00000000
00000000
00000000
00000000
00000000
00000000
00000000
00000000
00000000
00000000
00000000
00000000
00000000
00000000
00000000
00000000
00000000
00000000
00000000
00000000
00000000
00000000
405355a7
00000000
00000000
00000000
00000000
00000000
00000000
00000000
00000000
00000000
00000000
00000000
00000000
00000000
00000000
00000000
00000000
00000000
00000000
00000000
00000000
00000000
00000000
00000000
00000000
00000000
00000000
00000000
4141372c
00000000
00000000
00000000
00000000
00000000
00000000
00000000
00000000
00000000
00000000
00000000
00000000
00000000
00000000
00000000
4255fc54
00000000
00000000
40390fa9
00000000
00000000
00000000
00000000
00000000
00000000
00000000
00000000
00000000
00000000
4287455d
4271dbcb
00000000
00000000
00000000
00000000
00000000
00000000
00000000
00000000
00000000
00000000
00000000
00000000
41c276fe
430e4c48
00000000
00000000
00000000
00000000
00000000
00000000
00000000
00000000
00000000
00000000
00000000
00000000
00000000
42ddd0f8
00000000
00000000
00000000
00000000
00000000
00000000
00000000
00000000
00000000
00000000
40a8e897
00000000
00000000
420ea1f5
4216d694
00000000
00000000
00000000
00000000
00000000
00000000
00000000
00000000
00000000
00000000
00000000
00000000
00000000
00000000
00000000
00000000
00000000
00000000
00000000
00000000
00000000
00000000
00000000
00000000
00000000
00000000
00000000
00000000
00000000
00000000
00000000
00000000
00000000
00000000
00000000
00000000
00000000
00000000
00000000
00000000
00000000
00000000
00000000
00000000
00000000
00000000
00000000
00000000
00000000
00000000
00000000
00000000
00000000
00000000
00000000
00000000
00000000
00000000
00000000
00000000
00000000
00000000
00000000
00000000
00000000
40e1f334
00000000
00000000
00000000
00000000
00000000
00000000
00000000
00000000
00000000
00000000
00000000
00000000
00000000
00000000
00000000
00000000
00000000
00000000
00000000
4287027a
00000000
00000000
00000000
00000000
00000000
00000000
00000000
42ac4d7d
00000000
00000000
00000000
00000000
00000000
00000000
00000000
00000000
00000000
00000000
00000000
00000000
00000000
4316a40a
00000000
00000000
00000000
00000000
00000000
00000000
00000000
00000000
00000000
00000000
00000000
00000000
00000000
426bb5d0
00000000
00000000
00000000
00000000
00000000
00000000
00000000
00000000
00000000
00000000
00000000
00000000
00000000
00000000
00000000
00000000
00000000
00000000
00000000
00000000
00000000
00000000
00000000
00000000
00000000
00000000
00000000
4203cd9d
00000000
00000000
00000000
00000000
00000000
00000000
00000000
00000000
00000000
00000000
00000000
00000000
00000000
00000000
00000000
00000000
00000000
00000000
00000000
00000000
4072117c
00000000
00000000
00000000
00000000
00000000
00000000
00000000
00000000
00000000
00000000
00000000
41b68e33
00000000
428e2618
00000000
00000000
00000000
00000000
00000000
00000000
00000000
00000000
00000000
00000000
00000000
00000000
00000000
4263fbf4
00000000
40ec036b
00000000
41acba6e
42861847
00000000
4167edd3
00000000
00000000
00000000
00000000
00000000
00000000
00000000
00000000
00000000
00000000
00000000
00000000
00000000
00000000
00000000
00000000
00000000
00000000
00000000
00000000
00000000
00000000
00000000
00000000
00000000
00000000
00000000
00000000
00000000
00000000
00000000
00000000
00000000
00000000
00000000
00000000
00000000
00000000
00000000
00000000
00000000
00000000
00000000
00000000
00000000
00000000
00000000
00000000
00000000
00000000
00000000
00000000
00000000
00000000
00000000
428493af
00000000
00000000
00000000
00000000
00000000
00000000
00000000
00000000
00000000
00000000
00000000
00000000
00000000
431a9cff
00000000
00000000
00000000
00000000
00000000
00000000
00000000
00000000
00000000
00000000
00000000
00000000
00000000
428389b7
00000000
00000000
00000000
4281ec61
43197ed1
00000000
00000000
00000000
00000000
00000000
00000000
00000000
00000000
42129b34
00000000
00000000
00000000
00000000
00000000
4296da4f
42b5bc80
00000000
00000000
00000000
00000000
00000000
00000000
41ac55d5
00000000
00000000
00000000
420ce6ae
00000000
42243618
43368ff6
00000000
00000000
00000000
00000000
00000000
00000000
00000000
00000000
00000000
00000000
41977112
00000000
4064a3db
4334cf2f
42bff799
00000000
00000000
00000000
00000000
00000000
411b93b6
00000000
00000000
00000000
00000000
00000000
00000000
00000000
410c004a
00000000
00000000
00000000
00000000
00000000
00000000
4014ed7e
41f247a9
410fbb03
00000000
414d071e
4233fec7
00000000
00000000
00000000
00000000
412d0f1a
00000000
00000000
41f5de6e
00000000
00000000
00000000
00000000
4135d222
41653dc9
00000000
00000000
00000000
00000000
411b0574
4165ccb1
00000000
411f94ee
3ef18ae6
40bf15ee
00000000
00000000
40fd41c6
40e55b34
00000000
4236ddb9
41d10fe7
00000000
00000000
3fd3b484
00000000
