42cbd200
00000000
00000000
00000000
00000000
42880d48
429eab7c
429b533c
42288bea
41b9eb7b
42d278a8
4375729e
4365d321
00000000
42ca32d6
42cde045
430ce83f
4260b1d6
00000000
00000000
00000000
42ac7c2e
43168fb8
00000000
00000000
414829ef
00000000
00000000
43397e02
4360ed51
00000000
00000000
00000000
00000000
00000000
431e45f4
00000000
00000000
00000000
00000000
00000000
00000000
40dbd056
00000000
00000000
00000000
00000000
00000000
00000000
42439f25
41883ec4
410861e9
41048726
41298d13
419bfe39
4052c575
429ed4d2
42a389b3
43263aef
4322b2a4
426dce95
412ba12d
00000000
431d317f
432c6a7a
4343f0a6
43452040
4302d528
42a36525
00000000
42f8702f
00000000
00000000
00000000
00000000
00000000
00000000
4349641c
00000000
00000000
00000000
00000000
00000000
00000000
42c1bd68
00000000
00000000
00000000
00000000
00000000
00000000
00000000
00000000
00000000
00000000
00000000
00000000
00000000
434bb965
00000000
00000000
00000000
00000000
4127fddd
00000000
4322f7f5
42d3f44f
00000000
00000000
00000000
00000000
00000000
42e6c460
00000000
00000000
00000000
00000000
00000000
00000000
42809576
00000000
00000000
00000000
00000000
41aa87fa
00000000
42b5852b
00000000
00000000
00000000
00000000
421fd9df
00000000
423d3c2f
00000000
00000000
00000000
4146d33b
424fc9fa
00000000
00000000
00000000
00000000
00000000
00000000
00000000
00000000
432f5e7e
431c3c71
435cab78
433ad7b0
40670a74
4226b512
4224b8f3
42c2d35f
00000000
00000000
4322707d
40855f37
00000000
00000000
430eb140
00000000
00000000
00000000
00000000
00000000
00000000
42ba7e4f
432a66c2
00000000
00000000
00000000
00000000
00000000
4279c68c
4243a00c
00000000
00000000
00000000
00000000
00000000
4221dd76
42204bf3
00000000
00000000
00000000
00000000
00000000
00000000
00000000
00000000
00000000
00000000
00000000
00000000
428de37c
40e7a316
42bc932f
43b5d6f8
43a149eb
432f2769
00000000
4311ebd2
435a0607
435747cf
00000000
00000000
00000000
00000000
41277f8c
00000000
00000000
00000000
00000000
00000000
00000000
432b108d
430162c8
429707bc
00000000
410e1ba1
00000000
00000000
42f5021a
00000000
00000000
00000000
42d49553
00000000
00000000
43397321
41ba1379
00000000
00000000
00000000
00000000
00000000
430300bb
00000000
00000000
00000000
00000000
00000000
00000000
43358abc
4299b614
41eb191e
418ba33b
417090c0
42373f8e
3f9f4c55
43235441
4291e0ee
00000000
41315d37
00000000
40061320
00000000
430751dd
423ee6bb
00000000
00000000
00000000
00000000
00000000
42d50735
00000000
00000000
00000000
00000000
00000000
00000000
4233e5e8
00000000
00000000
00000000
00000000
00000000
00000000
41d76db8
00000000
00000000
00000000
00000000
00000000
00000000
00000000
00000000
00000000
00000000
00000000
00000000
00000000
42d44db3
421976e1
424bd608
43440aab
43863944
4322754e
00000000
42c3c7da
42a07e0d
430ecb17
42e2d9c9
00000000
00000000
00000000
42ced056
4287885e
42a848d7
00000000
00000000
00000000
00000000
42c173f4
42bd9416
00000000
00000000
00000000
00000000
00000000
42ea945c
42eddbdc
00000000
00000000
00000000
00000000
00000000
42fbb522
42ca4771
00000000
00000000
00000000
00000000
00000000
00000000
00000000
00000000
00000000
00000000
00000000
00000000
4348e816
42d022fc
422f6de1
41dcb0d9
00000000
4225f4f9
00000000
4320c9ad
00000000
00000000
00000000
00000000
00000000
00000000
43442df9
41261877
00000000
00000000
00000000
00000000
00000000
423506eb
00000000
00000000
00000000
00000000
00000000
00000000
42bd8966
00000000
00000000
00000000
00000000
00000000
00000000
4207e9ee
00000000
00000000
00000000
00000000
00000000
00000000
00000000
00000000
00000000
00000000
00000000
00000000
00000000
431982dd
00000000
00000000
00000000
00000000
4114acc3
00000000
4304a313
42e03fa1
00000000
00000000
00000000
00000000
00000000
430e2e4c
424a4445
00000000
415ecd18
00000000
00000000
00000000
42e1108a
00000000
42e79147
42b4ca26
00000000
00000000
00000000
00000000
00000000
00000000
00000000
00000000
00000000
00000000
4265bab0
42030db3
00000000
00000000
00000000
00000000
00000000
00000000
00000000
00000000
00000000
00000000
00000000
00000000
436197ca
42db1c67
42768477
00000000
00000000
00000000
00000000
4338b384
430629f0
00000000
00000000
00000000
00000000
00000000
4313c0db
4122c9eb
00000000
00000000
00000000
00000000
00000000
41fe3324
00000000
00000000
00000000
00000000
00000000
00000000
41b2e3e2
00000000
41d87131
00000000
00000000
00000000
00000000
3f9c5df6
00000000
41ae5b96
4242a164
00000000
00000000
00000000
00000000
00000000
00000000
00000000
00000000
00000000
00000000
