00000000
00000000
00000000
00000000
00000000
00000000
00000000
00000000
00000000
00000000
00000000
00000000
00000000
00000000
00000000
00000000
00000000
00000000
00000000
00000000
00000000
00000000
00000000
00000000
00000000
00000000
00000000
00000000
00000000
00000000
00000000
00000000
00000000
00000000
00000000
00000000
00000000
00000000
00000000
00000000
00000000
00000000
42f76c8c
42fc7f30
42ed14dc
430899c1
42da69a3
43026bd2
419e8cb2
00000000
00000000
00000000
00000000
00000000
00000000
00000000
41f41ea0
00000000
00000000
00000000
00000000
00000000
00000000
00000000
00000000
00000000
00000000
00000000
00000000
00000000
00000000
00000000
00000000
00000000
00000000
00000000
00000000
00000000
00000000
00000000
00000000
00000000
00000000
00000000
00000000
00000000
00000000
00000000
00000000
00000000
00000000
437a1824
42cf1615
436373dc
42f2f38e
4312edf2
43347f32
00000000
00000000
00000000
00000000
00000000
00000000
00000000
00000000
00000000
00000000
00000000
00000000
00000000
00000000
00000000
00000000
00000000
00000000
00000000
00000000
00000000
00000000
00000000
00000000
00000000
00000000
00000000
00000000
00000000
00000000
00000000
00000000
00000000
00000000
00000000
00000000
00000000
00000000
00000000
00000000
00000000
00000000
00000000
4396e9f2
42c26fd9
43187273
431054d7
43238dba
438b195f
00000000
42831e02
00000000
00000000
00000000
00000000
00000000
00000000
4301de94
00000000
00000000
00000000
00000000
00000000
00000000
434b51c1
42322cb7
00000000
00000000
00000000
00000000
00000000
4215e3e4
423d6125
00000000
00000000
00000000
00000000
00000000
42ab4410
00000000
00000000
4225992f
00000000
00000000
00000000
00000000
00000000
00000000
00000000
00000000
00000000
00000000
4251fa01
42ab7a6f
427e94f7
42394e47
426bea3b
42386fa6
00000000
00000000
00000000
00000000
00000000
00000000
00000000
00000000
00000000
00000000
00000000
00000000
00000000
00000000
00000000
42f1a483
00000000
00000000
00000000
00000000
00000000
00000000
42b6aaee
00000000
00000000
00000000
00000000
00000000
00000000
431732cf
00000000
00000000
00000000
00000000
00000000
00000000
42de6efc
00000000
00000000
00000000
00000000
00000000
00000000
42fc0b3d
42dbe3c5
423d3c67
420724fd
42fc0162
42e00273
00000000
00000000
00000000
00000000
00000000
00000000
00000000
00000000
00000000
00000000
00000000
00000000
00000000
00000000
00000000
00000000
00000000
00000000
00000000
00000000
00000000
00000000
00000000
00000000
00000000
00000000
00000000
00000000
00000000
42beddfb
00000000
00000000
00000000
00000000
00000000
00000000
43416a5e
00000000
00000000
00000000
00000000
00000000
00000000
438360c4
438642ff
4316d83c
432cd1e0
4337414d
4300343d
418c3571
00000000
00000000
00000000
00000000
00000000
00000000
00000000
00000000
00000000
00000000
00000000
00000000
00000000
00000000
00000000
00000000
00000000
00000000
00000000
00000000
00000000
00000000
00000000
00000000
00000000
00000000
00000000
00000000
00000000
00000000
00000000
00000000
00000000
00000000
00000000
00000000
00000000
00000000
00000000
00000000
00000000
00000000
437213dd
424410fb
42a54dd6
435dcddd
4313ceeb
4316edb8
422e8954
00000000
00000000
00000000
00000000
00000000
00000000
00000000
4277e324
00000000
00000000
00000000
00000000
00000000
00000000
424e03a9
00000000
00000000
00000000
00000000
00000000
00000000
00000000
00000000
00000000
00000000
00000000
00000000
00000000
4297ffd0
00000000
00000000
00000000
00000000
00000000
00000000
00000000
00000000
00000000
00000000
00000000
00000000
00000000
430b5043
4357582b
42f7b963
414672b3
43064e28
434c98da
00000000
00000000
00000000
00000000
00000000
00000000
00000000
00000000
00000000
00000000
00000000
00000000
00000000
00000000
00000000
00000000
00000000
00000000
00000000
00000000
00000000
00000000
00000000
00000000
00000000
00000000
00000000
00000000
00000000
00000000
00000000
00000000
00000000
00000000
00000000
00000000
00000000
00000000
00000000
00000000
00000000
00000000
00000000
438de8c7
43862fb7
43810884
433697c7
432ab4cb
4362e3db
4284ac5d
00000000
00000000
00000000
00000000
00000000
00000000
00000000
00000000
00000000
00000000
00000000
00000000
00000000
00000000
00000000
00000000
00000000
00000000
00000000
00000000
00000000
42f2a84f
00000000
00000000
00000000
00000000
00000000
00000000
00000000
00000000
40b257d9
00000000
00000000
00000000
00000000
424cc88b
00000000
00000000
00000000
00000000
00000000
00000000
430767f0
42934c98
431993ea
42fea6c8
42f4bcf8
430f783d
419279be
