4370d9ee
441b7c80
4441275b
4467e19a
442f448d
439bfa3c
41438730
436ce1c9
440f6b4b
440c9807
4443a02d
44847fbb
445716b3
43a2cccb
00000000
00000000
00000000
00000000
00000000
43df0acc
438bffda
00000000
00000000
00000000
00000000
00000000
00000000
42e85518
432e8873
00000000
00000000
00000000
00000000
00000000
00000000
43247c44
42e5d5f4
00000000
00000000
00000000
00000000
408d82ac
428be9e3
42c70794
422bb8e4
41fe956b
41631b84
41594e6b
41156f34
00000000
42b9f2ed
436b5873
433ab54c
431ce28a
42ad80be
442c7d9e
41d739f4
00000000
00000000
00000000
00000000
00000000
00000000
00000000
00000000
00000000
00000000
00000000
00000000
00000000
00000000
00000000
00000000
00000000
00000000
00000000
00000000
00000000
00000000
00000000
00000000
00000000
00000000
00000000
00000000
00000000
00000000
00000000
00000000
00000000
00000000
00000000
00000000
00000000
00000000
00000000
00000000
00000000
41cbef1c
429478ed
41ccae26
00000000
00000000
42bfe5b8
434bf495
00000000
00000000
00000000
00000000
00000000
00000000
00000000
00000000
00000000
00000000
00000000
00000000
00000000
00000000
00000000
00000000
40c487fd
42933b24
00000000
00000000
00000000
00000000
00000000
00000000
4242d13b
00000000
00000000
00000000
00000000
00000000
00000000
00000000
00000000
00000000
00000000
00000000
00000000
00000000
00000000
00000000
00000000
00000000
41c0bd2e
4281d491
42e7cb48
42f7d869
42a89295
415b8bf1
431ad74f
00000000
00000000
00000000
4285e89f
41f3b54d
00000000
00000000
00000000
00000000
00000000
00000000
00000000
00000000
00000000
00000000
00000000
00000000
00000000
00000000
00000000
41e6768d
420e790f
00000000
00000000
00000000
00000000
00000000
00000000
00000000
00000000
00000000
00000000
00000000
00000000
00000000
4211a3dd
00000000
00000000
00000000
00000000
00000000
00000000
43424941
435ba02a
430681a5
4349bb38
436a0698
42f545bc
4276b627
00000000
00000000
426e8e10
00000000
00000000
411b98fb
3e377484
00000000
00000000
00000000
00000000
00000000
00000000
415c4008
00000000
00000000
00000000
00000000
00000000
00000000
42b45474
00000000
00000000
00000000
00000000
00000000
00000000
00000000
40b11323
00000000
00000000
00000000
00000000
00000000
00000000
00000000
00000000
00000000
00000000
00000000
00000000
00000000
