42842b60
42dd1408
433bf77b
42ea36e9
42e0e353
00000000
00000000
435b9816
4381e965
43e943a1
43a9ea87
43bf21fc
431df883
4191f607
431ae76e
00000000
00000000
00000000
00000000
00000000
00000000
4355135c
00000000
00000000
42730216
00000000
00000000
00000000
438a84c9
00000000
00000000
00000000
00000000
00000000
00000000
433fbeb0
42e99cc7
41a3b606
00000000
00000000
00000000
00000000
426aa1f3
425e2b6b
42168658
41dbcdf7
40b6e4eb
404a08ef
00000000
435cae04
00000000
00000000
00000000
00000000
00000000
00000000
41d8e81a
421934b6
00000000
00000000
00000000
4181eb03
00000000
42294ec8
00000000
00000000
00000000
00000000
00000000
00000000
00000000
00000000
00000000
422a7f7a
00000000
00000000
00000000
00000000
00000000
00000000
00000000
00000000
00000000
00000000
00000000
00000000
00000000
42a68856
00000000
00000000
00000000
00000000
00000000
00000000
00000000
00000000
00000000
00000000
4312b1e4
4282fa0d
42c994dd
42816be5
00000000
00000000
429e813a
42cbac8e
400b5f63
00000000
00000000
00000000
00000000
00000000
427000ec
430355d4
00000000
00000000
00000000
00000000
00000000
00000000
00000000
00000000
00000000
00000000
00000000
00000000
00000000
434881f1
420f14e8
420eda34
433457b0
00000000
00000000
00000000
00000000
00000000
4228b9b5
42424c1f
00000000
00000000
431931a1
00000000
00000000
00000000
00000000
00000000
00000000
4160042d
00000000
00000000
00000000
00000000
00000000
00000000
00000000
00000000
00000000
00000000
00000000
422b039a
00000000
00000000
00000000
00000000
00000000
00000000
00000000
00000000
00000000
00000000
00000000
00000000
00000000
00000000
00000000
00000000
00000000
00000000
00000000
42c4295c
433e1a2a
00000000
00000000
00000000
00000000
00000000
00000000
42ee28ea
00000000
00000000
00000000
00000000
00000000
00000000
00000000
00000000
420d22c5
41030fb8
425f5970
41eee3d7
00000000
00000000
422b4848
00000000
4297e59e
431a4787
00000000
00000000
420c6332
4276ca91
00000000
00000000
4201c2d1
00000000
00000000
422a4fe7
42b3dff6
00000000
00000000
00000000
00000000
00000000
4190a2c5
42ce171f
00000000
00000000
00000000
00000000
00000000
00000000
00000000
00000000
00000000
00000000
00000000
00000000
00000000
00000000
00000000
00000000
00000000
00000000
00000000
00000000
00000000
