00000000
00000000
00000000
00000000
00000000
00000000
3ffb2a20
00000000
00000000
00000000
00000000
00000000
00000000
00000000
00000000
00000000
00000000
00000000
00000000
00000000
00000000
43e333b0
00000000
00000000
00000000
00000000
00000000
00000000
44071f80
4359f0db
4285976f
00000000
00000000
00000000
41f51e64
43cd1ccc
43ad25a6
434c4d95
42520415
42d1344f
42158271
40f1a9dc
42e75e59
4308955e
425dec1a
4130f378
408449df
00000000
00000000
00000000
00000000
00000000
00000000
00000000
00000000
00000000
4340ac30
00000000
00000000
00000000
00000000
00000000
00000000
00000000
00000000
00000000
00000000
00000000
00000000
00000000
00000000
00000000
00000000
00000000
00000000
00000000
00000000
00000000
00000000
00000000
00000000
00000000
00000000
00000000
00000000
00000000
00000000
42f2924c
00000000
00000000
00000000
432ec40b
42b41d32
43398eec
437b1f09
42e31b92
42876445
00000000
00000000
00000000
00000000
00000000
00000000
00000000
00000000
00000000
00000000
00000000
00000000
00000000
00000000
00000000
00000000
00000000
00000000
00000000
00000000
00000000
00000000
00000000
00000000
00000000
00000000
00000000
00000000
00000000
00000000
00000000
00000000
00000000
00000000
00000000
00000000
00000000
00000000
00000000
00000000
00000000
00000000
00000000
43934958
434e19e3
43fd4447
43cc6b3f
43a80b70
43a0e51c
42b85b61
00000000
00000000
00000000
00000000
00000000
00000000
00000000
00000000
00000000
00000000
00000000
00000000
00000000
00000000
00000000
00000000
00000000
00000000
00000000
00000000
00000000
00000000
00000000
00000000
00000000
00000000
00000000
00000000
00000000
00000000
00000000
00000000
00000000
00000000
00000000
00000000
00000000
41aa3c98
00000000
00000000
00000000
00000000
42b5e49a
43065a2c
42d64b5e
434720ed
434c7d36
4369205c
00000000
00000000
00000000
00000000
00000000
00000000
00000000
40207d02
00000000
00000000
00000000
00000000
00000000
00000000
4201b4c9
00000000
00000000
00000000
00000000
00000000
40c9b5da
427d32cb
00000000
00000000
00000000
00000000
00000000
00000000
00000000
4234ea2c
4109fb58
00000000
00000000
00000000
00000000
00000000
00000000
00000000
00000000
00000000
4278c024
42379853
00000000
43684a8a
43aa7ba5
43856cd7
432e78aa
42e9d13c
430b5d72
00000000
