43d92b67
444dc981
447169e9
446cb9ce
4444bee2
43d96ef6
42cf84bc
4403e154
44316beb
440f2a54
43f8056d
43ee5f80
43d3e5e0
4312d8eb
42a43de8
00000000
00000000
00000000
00000000
00000000
00000000
00000000
00000000
00000000
00000000
00000000
00000000
00000000
00000000
00000000
00000000
00000000
00000000
00000000
00000000
00000000
00000000
00000000
00000000
00000000
00000000
00000000
3f9b5d3a
00000000
00000000
3e8c3715
419028d1
41e8b7ac
40b5b748
00000000
00000000
00000000
00000000
00000000
00000000
00000000
00000000
00000000
00000000
00000000
00000000
00000000
00000000
433f821b
00000000
00000000
00000000
00000000
00000000
00000000
43516ea2
00000000
00000000
00000000
420f466e
00000000
00000000
435210ca
00000000
00000000
00000000
00000000
00000000
00000000
426393d0
00000000
00000000
00000000
00000000
00000000
00000000
00000000
00000000
00000000
00000000
00000000
00000000
00000000
428bd94a
00000000
00000000
00000000
00000000
00000000
00000000
42664fef
00000000
00000000
00000000
00000000
00000000
00000000
42adc782
00000000
00000000
00000000
00000000
00000000
00000000
42690cc9
00000000
00000000
00000000
00000000
00000000
00000000
42d9b928
00000000
00000000
00000000
00000000
00000000
00000000
00000000
00000000
00000000
00000000
00000000
00000000
00000000
00000000
00000000
00000000
00000000
00000000
00000000
00000000
42002a24
00000000
00000000
00000000
00000000
00000000
00000000
42970891
00000000
00000000
00000000
00000000
00000000
00000000
42a5075e
00000000
00000000
00000000
00000000
00000000
00000000
41b4b24b
00000000
00000000
00000000
00000000
00000000
00000000
42e1f38b
00000000
00000000
00000000
00000000
41ae506f
4340758d
42a956e2
00000000
00000000
00000000
00000000
00000000
00000000
00000000
00000000
00000000
00000000
00000000
00000000
00000000
43ab88c4
438a14a9
43840dc6
43862101
436060d7
43334bfa
42641821
43a84bdd
4358a970
4353dd13
436b6ece
42c432b6
411b46a9
41974cff
43846733
42fd68da
41401956
00000000
429038f3
4300fdc5
436b12fd
430689f1
00000000
00000000
00000000
4199a796
430181bb
4347d094
432e1592
425b1fa4
00000000
00000000
00000000
00000000
00000000
42d4f42f
426bc23d
00000000
00000000
00000000
00000000
00000000
00000000
00000000
00000000
00000000
00000000
00000000
00000000
