42e80d38
00000000
00000000
00000000
00000000
00000000
00000000
42a42230
00000000
00000000
00000000
00000000
00000000
429bd970
429d2a44
00000000
00000000
00000000
00000000
00000000
00000000
42a452d5
00000000
00000000
00000000
00000000
00000000
429b66f6
4327ff16
427f5340
00000000
00000000
426bfaaf
00000000
41699ee2
41bd97a1
00000000
00000000
00000000
00000000
00000000
00000000
00000000
00000000
00000000
00000000
00000000
00000000
00000000
426f3b90
00000000
00000000
00000000
00000000
00000000
00000000
41cab3f3
42577f48
43a3ff99
43aabdf9
42f11885
00000000
00000000
41dfaaf2
424e71f7
4362a229
43534a1f
00000000
00000000
00000000
41c61ff5
00000000
00000000
00000000
00000000
00000000
00000000
41bc8b2c
00000000
00000000
00000000
00000000
00000000
00000000
00000000
00000000
00000000
00000000
00000000
00000000
00000000
00000000
00000000
00000000
00000000
00000000
00000000
00000000
00000000
00000000
00000000
00000000
00000000
00000000
00000000
00000000
00000000
00000000
00000000
00000000
00000000
00000000
00000000
00000000
00000000
00000000
00000000
00000000
00000000
00000000
00000000
00000000
00000000
00000000
00000000
00000000
4181ce45
00000000
00000000
00000000
00000000
00000000
00000000
00000000
00000000
00000000
00000000
00000000
00000000
00000000
00000000
00000000
00000000
00000000
00000000
00000000
00000000
43cbe771
43c83880
43dba8c8
43b59e8a
43ae08bf
43a02855
4323ce19
43f536fc
4425e97b
442c7f0d
441eb076
440b3f94
4407d7da
43a824a1
43553ead
00000000
00000000
00000000
00000000
00000000
00000000
42cc6ce4
00000000
00000000
00000000
00000000
00000000
00000000
00000000
00000000
00000000
429aff2d
4252ab58
41dfc5e9
00000000
00000000
00000000
00000000
4217bd23
00000000
00000000
00000000
00000000
00000000
00000000
00000000
00000000
00000000
00000000
43185a17
4322b95a
43702df5
00000000
00000000
00000000
00000000
42d4d50d
413e1596
00000000
00000000
00000000
00000000
00000000
42e8fc2b
00000000
00000000
00000000
00000000
00000000
00000000
436433e4
42d8ba3b
00000000
00000000
00000000
00000000
00000000
42c10439
00000000
00000000
00000000
00000000
00000000
00000000
00000000
00000000
00000000
00000000
00000000
00000000
00000000
00000000
00000000
00000000
00000000
00000000
00000000
00000000
42d8de85
00000000
431079e2
431a2d31
4348d69a
00000000
00000000
41e92c09
41ac6b1c
4336b8b7
434988f5
00000000
00000000
00000000
43817828
43bb79e0
43930129
435f0df9
00000000
00000000
00000000
43a07f28
434ecba7
42ae9397
00000000
00000000
415c006c
00000000
436c2856
3ec4c9c3
00000000
4291d113
00000000
00000000
00000000
41895089
00000000
00000000
00000000
00000000
00000000
00000000
00000000
00000000
00000000
00000000
00000000
00000000
00000000
4375977f
412d6e41
00000000
00000000
00000000
00000000
00000000
42e689c6
00000000
00000000
00000000
00000000
00000000
00000000
00000000
00000000
00000000
00000000
00000000
00000000
00000000
00000000
00000000
00000000
00000000
00000000
00000000
42eaec01
00000000
00000000
00000000
00000000
00000000
00000000
00000000
00000000
00000000
00000000
00000000
00000000
00000000
00000000
00000000
00000000
00000000
00000000
00000000
00000000
00000000
42af377e
435cda88
439dccf6
43a9fcca
434f0dbd
4242aaeb
00000000
42f48fbb
4373ccb4
435dcd46
428a8f6b
00000000
00000000
00000000
42951887
4204285f
00000000
00000000
00000000
00000000
00000000
42b462b8
00000000
00000000
00000000
00000000
00000000
00000000
43630319
00000000
00000000
00000000
00000000
00000000
00000000
41d03baf
00000000
00000000
00000000
00000000
00000000
00000000
00000000
00000000
00000000
00000000
00000000
00000000
00000000
432be39b
430282e5
00000000
42bda0f8
42ab4765
00000000
4292f464
00000000
00000000
00000000
00000000
00000000
00000000
00000000
428450fa
42d55736
4335458c
43075129
00000000
00000000
00000000
43368b62
433fcc08
430419a2
00000000
00000000
00000000
00000000
434d0923
00000000
00000000
00000000
00000000
00000000
00000000
00000000
00000000
00000000
00000000
00000000
00000000
00000000
00000000
00000000
00000000
00000000
00000000
00000000
00000000
41eba60c
00000000
00000000
00000000
00000000
00000000
426b3896
00000000
00000000
00000000
00000000
00000000
00000000
00000000
00000000
00000000
00000000
00000000
00000000
00000000
00000000
00000000
00000000
00000000
00000000
00000000
00000000
00000000
00000000
00000000
00000000
00000000
00000000
00000000
00000000
00000000
00000000
00000000
00000000
00000000
00000000
00000000
00000000
00000000
00000000
00000000
00000000
00000000
00000000
43150a1a
00000000
00000000
00000000
00000000
00000000
00000000
00000000
00000000
00000000
00000000
00000000
00000000
00000000
00000000
00000000
00000000
00000000
00000000
00000000
00000000
00000000
00000000
00000000
00000000
00000000
00000000
00000000
00000000
00000000
00000000
00000000
00000000
00000000
00000000
00000000
00000000
00000000
00000000
00000000
00000000
00000000
00000000
00000000
00000000
00000000
00000000
00000000
00000000
00000000
00000000
00000000
00000000
00000000
00000000
00000000
00000000
00000000
00000000
00000000
00000000
00000000
00000000
00000000
00000000
00000000
00000000
00000000
00000000
00000000
00000000
00000000
00000000
00000000
00000000
00000000
00000000
00000000
00000000
00000000
00000000
00000000
00000000
00000000
00000000
00000000
00000000
00000000
00000000
00000000
00000000
00000000
00000000
00000000
00000000
00000000
00000000
00000000
00000000
00000000
00000000
00000000
00000000
00000000
00000000
00000000
00000000
00000000
00000000
42144211
00000000
4250b106
00000000
00000000
00000000
00000000
00000000
00000000
00000000
418b1726
00000000
00000000
00000000
00000000
00000000
00000000
430b76dc
00000000
00000000
00000000
00000000
00000000
00000000
42a94fcd
00000000
00000000
00000000
00000000
00000000
00000000
00000000
00000000
00000000
00000000
00000000
00000000
00000000
4339c9ae
42c53577
42806867
4334061a
43ddc7f5
43c9bdd0
43a251eb
4314ddb1
4231e44e
429657f7
420f1cdc
00000000
00000000
00000000
42c3f0b1
43204ba3
438108d1
4328b55d
00000000
00000000
00000000
00000000
4316a0ef
4386e39c
4395c462
43428ab4
00000000
00000000
00000000
00000000
00000000
00000000
00000000
00000000
00000000
00000000
00000000
00000000
00000000
00000000
00000000
00000000
00000000
00000000
00000000
00000000
00000000
00000000
00000000
4381e679
427d5e7b
424eb4f7
00000000
00000000
00000000
00000000
4295b2b8
00000000
42329a68
41aa6e22
424bd764
00000000
42a2bbf4
00000000
00000000
00000000
00000000
00000000
00000000
426bbd68
00000000
00000000
00000000
00000000
00000000
00000000
42b209c9
00000000
00000000
00000000
00000000
00000000
00000000
42b4b7e7
42ab1eb9
00000000
00000000
00000000
00000000
00000000
42b3163e
00000000
00000000
00000000
00000000
00000000
00000000
00000000
4164f78a
00000000
00000000
00000000
00000000
00000000
00000000
00000000
00000000
00000000
00000000
00000000
00000000
00000000
00000000
00000000
00000000
00000000
00000000
00000000
00000000
00000000
00000000
00000000
00000000
00000000
00000000
00000000
42295a66
00000000
431d7036
43a62778
438db084
00000000
00000000
00000000
00000000
00000000
42a156b4
42d580d0
00000000
00000000
00000000
00000000
00000000
00000000
00000000
00000000
00000000
424ab126
00000000
00000000
00000000
00000000
00000000
00000000
00000000
00000000
00000000
00000000
00000000
00000000
00000000
42184b4b
00000000
00000000
00000000
00000000
00000000
00000000
00000000
00000000
00000000
00000000
00000000
00000000
40e29720
00000000
00000000
00000000
00000000
00000000
3dfc1e65
423bb4d0
00000000
00000000
00000000
00000000
00000000
00000000
00000000
00000000
00000000
00000000
00000000
00000000
00000000
00000000
00000000
00000000
00000000
00000000
00000000
00000000
00000000
00000000
00000000
00000000
00000000
00000000
00000000
00000000
00000000
00000000
00000000
00000000
00000000
00000000
00000000
428c38f8
00000000
00000000
00000000
00000000
00000000
00000000
42056d14
00000000
00000000
00000000
00000000
00000000
00000000
41aa9c86
00000000
00000000
00000000
00000000
00000000
00000000
00000000
00000000
00000000
00000000
00000000
00000000
00000000
43887e05
00000000
00000000
00000000
00000000
00000000
00000000
00000000
00000000
00000000
00000000
00000000
00000000
00000000
00000000
00000000
00000000
00000000
00000000
00000000
00000000
00000000
00000000
00000000
00000000
00000000
00000000
00000000
00000000
00000000
00000000
00000000
00000000
00000000
00000000
00000000
00000000
00000000
00000000
00000000
00000000
00000000
00000000
00000000
00000000
00000000
00000000
00000000
00000000
42fd2977
00000000
00000000
00000000
00000000
00000000
00000000
42890997
00000000
00000000
00000000
00000000
00000000
00000000
00000000
00000000
00000000
00000000
00000000
00000000
00000000
42a0cd75
00000000
00000000
00000000
00000000
00000000
00000000
00000000
00000000
00000000
00000000
00000000
00000000
00000000
00000000
00000000
00000000
00000000
00000000
00000000
00000000
00000000
00000000
00000000
00000000
00000000
00000000
00000000
4303d6d3
00000000
00000000
00000000
00000000
00000000
00000000
00000000
00000000
00000000
00000000
00000000
00000000
00000000
00000000
00000000
00000000
00000000
00000000
00000000
00000000
00000000
00000000
00000000
00000000
00000000
00000000
00000000
00000000
00000000
00000000
00000000
00000000
00000000
00000000
00000000
00000000
00000000
00000000
00000000
00000000
00000000
00000000
00000000
00000000
00000000
00000000
00000000
00000000
42f430bc
00000000
00000000
00000000
00000000
00000000
00000000
00000000
00000000
00000000
00000000
00000000
00000000
00000000
00000000
00000000
00000000
00000000
00000000
00000000
00000000
00000000
00000000
00000000
00000000
00000000
00000000
00000000
00000000
00000000
00000000
00000000
00000000
00000000
00000000
41497cfb
00000000
00000000
00000000
00000000
00000000
00000000
00000000
00000000
00000000
00000000
00000000
00000000
00000000
4357b16a
00000000
00000000
00000000
00000000
00000000
00000000
00000000
00000000
00000000
00000000
00000000
00000000
00000000
00000000
00000000
00000000
00000000
00000000
00000000
00000000
00000000
00000000
00000000
00000000
00000000
00000000
00000000
00000000
00000000
00000000
00000000
00000000
00000000
00000000
00000000
00000000
00000000
00000000
00000000
00000000
00000000
00000000
00000000
00000000
00000000
00000000
00000000
00000000
429ddd72
40b437f2
4340d244
426755a4
42685352
00000000
00000000
429cc8f6
4213c4d3
00000000
00000000
00000000
00000000
00000000
42d35e34
00000000
00000000
00000000
00000000
00000000
00000000
00000000
00000000
00000000
00000000
00000000
00000000
00000000
00000000
00000000
00000000
00000000
00000000
00000000
00000000
00000000
00000000
00000000
00000000
00000000
00000000
00000000
00000000
00000000
00000000
00000000
00000000
00000000
00000000
42a0ccad
00000000
00000000
00000000
00000000
00000000
00000000
00000000
00000000
00000000
00000000
00000000
00000000
00000000
00000000
00000000
00000000
00000000
00000000
00000000
00000000
00000000
00000000
00000000
00000000
00000000
00000000
00000000
00000000
00000000
00000000
00000000
00000000
00000000
00000000
00000000
00000000
00000000
00000000
00000000
00000000
00000000
00000000
00000000
00000000
00000000
00000000
00000000
00000000
436ad1b7
4306b6a8
421728bc
41643f4f
4280aa1a
42b70cbf
426c56e8
43d7b6a7
43cdd534
42c6dc35
00000000
00000000
00000000
00000000
43a16966
42f5b65d
00000000
00000000
00000000
00000000
00000000
414440cd
00000000
00000000
00000000
00000000
00000000
412cc6cd
00000000
00000000
00000000
00000000
00000000
00000000
4206c335
00000000
00000000
00000000
00000000
00000000
00000000
00000000
00000000
00000000
00000000
00000000
00000000
00000000
00000000
43458f54
00000000
00000000
00000000
00000000
00000000
00000000
00000000
00000000
00000000
00000000
00000000
00000000
00000000
00000000
00000000
00000000
00000000
00000000
00000000
00000000
419d2ddc
00000000
00000000
00000000
00000000
00000000
00000000
00000000
00000000
00000000
00000000
00000000
00000000
00000000
00000000
00000000
00000000
00000000
00000000
00000000
00000000
00000000
00000000
00000000
00000000
00000000
00000000
00000000
42f3d4c7
00000000
4380ed9f
43a8f435
439f480b
42d4f84d
41f0fb5c
422fa7f5
00000000
00000000
00000000
00000000
00000000
414be712
42bf0277
00000000
00000000
00000000
00000000
00000000
00000000
431ee87b
00000000
00000000
00000000
00000000
00000000
00000000
42656c7c
00000000
00000000
00000000
00000000
00000000
00000000
00000000
00000000
00000000
00000000
00000000
00000000
00000000
00000000
00000000
00000000
00000000
00000000
00000000
00000000
42a6a475
00000000
00000000
00000000
00000000
423c3332
42e15e6f
00000000
00000000
00000000
00000000
00000000
00000000
4151c436
4256b254
00000000
00000000
00000000
00000000
00000000
00000000
00000000
00000000
426edbbb
00000000
00000000
00000000
00000000
00000000
00000000
00000000
00000000
00000000
00000000
00000000
00000000
00000000
00000000
00000000
00000000
00000000
00000000
00000000
00000000
00000000
00000000
00000000
00000000
00000000
00000000
00000000
00000000
00000000
00000000
00000000
00000000
00000000
00000000
00000000
00000000
00000000
00000000
00000000
00000000
00000000
00000000
00000000
00000000
00000000
00000000
00000000
00000000
00000000
00000000
00000000
00000000
00000000
00000000
00000000
00000000
00000000
00000000
00000000
00000000
00000000
00000000
00000000
00000000
00000000
00000000
00000000
00000000
00000000
00000000
00000000
00000000
00000000
00000000
43680f82
43b847ad
43a97223
4317575c
4308f23f
41f4511a
411ee086
437277ef
424efcd8
00000000
00000000
00000000
00000000
00000000
00000000
00000000
00000000
00000000
00000000
00000000
00000000
00000000
00000000
00000000
00000000
00000000
00000000
00000000
00000000
00000000
00000000
00000000
00000000
00000000
00000000
00000000
00000000
00000000
00000000
00000000
00000000
00000000
00000000
00000000
00000000
00000000
00000000
00000000
00000000
424fefc7
00000000
00000000
00000000
00000000
00000000
00000000
00000000
00000000
00000000
00000000
00000000
00000000
00000000
00000000
00000000
00000000
00000000
00000000
00000000
00000000
00000000
00000000
00000000
00000000
00000000
00000000
00000000
00000000
00000000
00000000
00000000
00000000
00000000
00000000
00000000
00000000
00000000
00000000
00000000
00000000
00000000
00000000
00000000
00000000
00000000
00000000
00000000
00000000
435e1091
42ffbb3a
43d4288e
43dc29ed
4393edeb
42a9b0e6
00000000
428cd63b
00000000
00000000
00000000
00000000
4288b056
429b69b7
00000000
00000000
00000000
00000000
00000000
00000000
00000000
41b3f6e1
00000000
00000000
00000000
00000000
00000000
00000000
4111a8eb
00000000
00000000
00000000
00000000
00000000
00000000
00000000
00000000
00000000
00000000
00000000
00000000
00000000
00000000
00000000
00000000
00000000
00000000
00000000
00000000
43750fc6
00000000
00000000
00000000
00000000
00000000
40d74198
4305853b
00000000
00000000
00000000
00000000
00000000
00000000
42f245cf
00000000
00000000
00000000
00000000
00000000
00000000
4303b8ca
00000000
00000000
00000000
00000000
00000000
00000000
00000000
00000000
00000000
00000000
00000000
00000000
00000000
00000000
00000000
00000000
00000000
00000000
00000000
00000000
00000000
00000000
00000000
00000000
00000000
00000000
00000000
42e14a8c
432f795f
434f05ca
00000000
00000000
00000000
00000000
00000000
00000000
00000000
00000000
00000000
00000000
00000000
00000000
00000000
00000000
00000000
00000000
00000000
00000000
00000000
00000000
00000000
00000000
00000000
00000000
00000000
00000000
00000000
00000000
00000000
00000000
00000000
00000000
00000000
00000000
00000000
00000000
00000000
00000000
42162086
3ff58ead
00000000
00000000
40cb5163
420855e4
410790e6
40b1f5a1
431d6ac4
4327283e
4305b668
42c3acc4
427c9356
429fd42f
41c909d8
42a4269a
429cf087
00000000
00000000
00000000
4079d189
00000000
42f01938
00000000
00000000
00000000
00000000
00000000
00000000
00000000
00000000
00000000
00000000
00000000
00000000
00000000
00000000
00000000
00000000
00000000
00000000
00000000
00000000
00000000
00000000
00000000
00000000
00000000
00000000
00000000
00000000
00000000
00000000
00000000
00000000
00000000
00000000
433d2eea
00000000
00000000
00000000
00000000
00000000
00000000
42d89ded
00000000
00000000
00000000
00000000
00000000
00000000
4358f3f4
00000000
00000000
00000000
00000000
00000000
00000000
43624836
00000000
00000000
00000000
00000000
00000000
00000000
00000000
00000000
00000000
00000000
40c5f6c2
415cd688
00000000
00000000
00000000
00000000
00000000
00000000
00000000
00000000
00000000
00000000
00000000
00000000
00000000
00000000
00000000
4309b870
00000000
00000000
00000000
00000000
00000000
00000000
42883cc4
00000000
00000000
00000000
00000000
00000000
00000000
00000000
00000000
00000000
00000000
00000000
00000000
00000000
00000000
00000000
00000000
00000000
00000000
00000000
00000000
00000000
00000000
00000000
00000000
00000000
00000000
00000000
00000000
00000000
00000000
00000000
00000000
00000000
00000000
00000000
00000000
00000000
00000000
00000000
00000000
00000000
42ecffe0
439ce900
4401b4a5
43f91b10
433b1f5f
4236eedb
00000000
42969754
431c767e
43399d02
00000000
00000000
42b0d846
42a60153
4392b808
00000000
00000000
00000000
00000000
00000000
42252a4d
430133a1
00000000
00000000
00000000
00000000
00000000
404b4d32
00000000
00000000
00000000
00000000
00000000
4174a736
00000000
00000000
00000000
00000000
00000000
00000000
00000000
00000000
00000000
00000000
00000000
00000000
00000000
00000000
00000000
4396f0dd
4399a41a
00000000
00000000
00000000
413f627d
42b69e1f
42884269
00000000
00000000
00000000
00000000
00000000
00000000
419676cb
00000000
00000000
00000000
00000000
00000000
00000000
00000000
00000000
00000000
00000000
00000000
00000000
00000000
00000000
00000000
00000000
00000000
00000000
00000000
00000000
00000000
00000000
00000000
00000000
00000000
00000000
00000000
00000000
00000000
00000000
00000000
00000000
00000000
00000000
432b45ba
00000000
00000000
00000000
00000000
00000000
00000000
404381d3
00000000
00000000
00000000
00000000
00000000
00000000
41d089fd
00000000
40bcb2f5
42657a1e
00000000
00000000
00000000
42f7c8a0
00000000
421b21e8
41c1b270
412a30ef
00000000
00000000
43689af8
431883ea
434d5d34
4333760c
42af58d1
00000000
00000000
43419486
00000000
4333f60a
42cb4ca3
00000000
00000000
00000000
00000000
00000000
00000000
00000000
00000000
00000000
00000000
42b3f124
42ecfa7e
42feb98a
42f7120e
420552cd
00000000
00000000
42cba974
435128e2
438e456e
4354b98d
4276b059
00000000
00000000
431e90c2
00000000
00000000
00000000
00000000
00000000
41095d70
42c29f9e
00000000
00000000
00000000
00000000
00000000
00000000
425af80d
00000000
00000000
00000000
00000000
409a68ee
00000000
422c086c
00000000
00000000
00000000
00000000
00000000
00000000
00000000
00000000
00000000
00000000
00000000
00000000
00000000
43684a49
4378b433
4298a1e6
42ba6b79
4208393e
412b0302
3db7e482
00000000
00000000
00000000
00000000
00000000
41c0163a
3eb17c5c
00000000
00000000
00000000
00000000
00000000
00000000
3f9211c5
00000000
00000000
00000000
00000000
00000000
00000000
3d0461c7
00000000
00000000
00000000
00000000
00000000
00000000
3d09f08e
00000000
00000000
00000000
00000000
00000000
00000000
3d079b8f
00000000
00000000
00000000
00000000
00000000
00000000
3ec8ca07
43ba7bf9
43e426ac
43e543b7
43d27696
439beebd
434aed7c
4327b5db
43cc9990
437fb4df
438c570a
4230919e
00000000
4206ab30
4304cd43
431911d5
00000000
00000000
00000000
00000000
00000000
00000000
41a01eea
00000000
00000000
00000000
00000000
00000000
00000000
00000000
00000000
00000000
00000000
00000000
00000000
00000000
00000000
00000000
00000000
00000000
00000000
00000000
00000000
00000000
00000000
00000000
00000000
00000000
00000000
00000000
00000000
00000000
00000000
00000000
00000000
00000000
00000000
00000000
00000000
00000000
00000000
00000000
00000000
00000000
00000000
00000000
00000000
00000000
00000000
00000000
00000000
00000000
00000000
00000000
00000000
00000000
00000000
00000000
00000000
00000000
00000000
00000000
00000000
00000000
00000000
00000000
00000000
00000000
00000000
00000000
00000000
00000000
00000000
00000000
00000000
00000000
00000000
00000000
00000000
4405f797
44163a9b
440fbfbf
440dbcb6
43f36c89
43ef29e5
43874e8d
43ca4235
4386e4b1
437c964e
42bdda69
42d0752b
00000000
00000000
4268a232
00000000
00000000
00000000
00000000
00000000
00000000
00000000
00000000
00000000
00000000
00000000
00000000
00000000
00000000
00000000
00000000
00000000
00000000
00000000
00000000
00000000
00000000
00000000
00000000
00000000
00000000
41109d84
00000000
00000000
00000000
00000000
00000000
00000000
417b96d1
00000000
00000000
00000000
00000000
00000000
00000000
00000000
00000000
00000000
00000000
00000000
00000000
00000000
00000000
00000000
00000000
00000000
00000000
00000000
00000000
00000000
00000000
00000000
00000000
00000000
00000000
00000000
00000000
41ffc41d
00000000
00000000
00000000
00000000
00000000
00000000
00000000
00000000
00000000
00000000
00000000
00000000
00000000
00000000
00000000
00000000
00000000
00000000
00000000
00000000
00000000
00000000
00000000
00000000
00000000
00000000
00000000
00000000
00000000
00000000
00000000
00000000
00000000
00000000
00000000
00000000
00000000
00000000
00000000
00000000
4150fedc
00000000
00000000
00000000
00000000
00000000
00000000
00000000
00000000
00000000
00000000
41de4d5c
41a164f2
41487eca
41bb8eda
00000000
00000000
4106ffb7
416a9b11
40f1705a
4135ac92
4119f940
00000000
00000000
00000000
00000000
00000000
00000000
00000000
43050925
42785c4a
00000000
00000000
00000000
00000000
00000000
435203cc
4194337b
00000000
00000000
00000000
00000000
00000000
43284b2d
00000000
00000000
00000000
00000000
00000000
00000000
422413fc
00000000
00000000
00000000
00000000
00000000
00000000
406d37a3
00000000
00000000
00000000
00000000
00000000
00000000
00000000
00000000
00000000
00000000
00000000
00000000
00000000
00000000
00000000
00000000
00000000
00000000
00000000
00000000
43143ef8
43c6c130
440b7d9b
440bd5eb
43d9c717
42ef0409
41925815
43601f4c
4326853f
00000000
00000000
00000000
00000000
00000000
428796e4
00000000
00000000
00000000
00000000
00000000
00000000
00000000
00000000
00000000
00000000
00000000
00000000
00000000
00000000
00000000
00000000
00000000
00000000
00000000
00000000
00000000
00000000
00000000
00000000
00000000
00000000
00000000
00000000
00000000
00000000
00000000
00000000
00000000
00000000
