00000000
00000000
426619ef
43a7a107
42b69d03
00000000
4398f0fe
00000000
00000000
00000000
00000000
00000000
00000000
00000000
00000000
00000000
00000000
00000000
00000000
00000000
00000000
00000000
00000000
00000000
00000000
00000000
00000000
00000000
42381fa4
00000000
00000000
00000000
00000000
00000000
00000000
00000000
00000000
00000000
00000000
00000000
00000000
00000000
00000000
00000000
00000000
00000000
00000000
00000000
00000000
4235c8bf
424efbfd
424939d2
4201a121
41e9462c
4253a9bc
427c1100
00000000
00000000
438a233d
43e3c616
42e4c0e5
00000000
40ec9790
00000000
00000000
43833c45
440c076c
43509d4d
425b9614
00000000
00000000
00000000
00000000
00000000
423e4e9f
4243224c
414a5f24
00000000
00000000
42c222c1
00000000
00000000
00000000
41b064b5
00000000
00000000
40ec0824
00000000
00000000
00000000
00000000
00000000
00000000
00000000
00000000
00000000
00000000
00000000
435a9c01
43d321ed
43eb7390
43f10253
441287f2
44410afc
4429c4f5
00000000
00000000
00000000
00000000
00000000
41697b81
4397fe35
00000000
00000000
00000000
00000000
00000000
00000000
00000000
41377a36
00000000
00000000
00000000
00000000
00000000
00000000
00000000
00000000
00000000
00000000
00000000
00000000
00000000
00000000
00000000
00000000
00000000
00000000
00000000
00000000
00000000
00000000
00000000
00000000
00000000
00000000
00000000
43919d57
4398279c
43b1fc97
43707d10
43844a34
438a9159
42eb5510
440a259a
4422d173
4425b3d4
4405be77
4408bb5d
4413324f
43f8e00a
00000000
00000000
00000000
00000000
00000000
428901c5
43987f6e
00000000
00000000
00000000
00000000
00000000
00000000
42ca7b72
00000000
00000000
00000000
00000000
00000000
00000000
41d3c9e1
00000000
00000000
3e25793a
00000000
00000000
00000000
00000000
00000000
00000000
00000000
00000000
00000000
00000000
00000000
40e8e2c7
433187cf
43643797
426b600c
42bbc6fc
4389a1a8
43a6b600
00000000
00000000
00000000
00000000
00000000
41182b72
4250422b
00000000
00000000
00000000
00000000
00000000
00000000
423b4e03
00000000
00000000
00000000
00000000
00000000
00000000
00000000
00000000
00000000
00000000
00000000
00000000
00000000
00000000
00000000
00000000
00000000
00000000
00000000
00000000
00000000
00000000
00000000
00000000
00000000
00000000
00000000
00000000
00000000
00000000
42594320
42fdcf26
00000000
00000000
434c2311
40f7c6ba
00000000
00000000
00000000
4285f799
00000000
00000000
43475373
42e98fb6
424a79ab
00000000
00000000
00000000
00000000
424e355d
42009d0f
00000000
00000000
00000000
00000000
00000000
00000000
00000000
00000000
00000000
00000000
00000000
00000000
00000000
00000000
00000000
00000000
00000000
00000000
00000000
00000000
00000000
00000000
00000000
00000000
00000000
00000000
00000000
43004634
415b06a8
42634da5
438cc52b
4404b80d
4432fcac
00000000
00000000
00000000
00000000
00000000
00000000
42807779
00000000
00000000
00000000
00000000
00000000
00000000
00000000
00000000
00000000
00000000
00000000
42486a43
00000000
00000000
00000000
00000000
00000000
00000000
00000000
00000000
00000000
00000000
00000000
00000000
00000000
00000000
00000000
00000000
00000000
00000000
00000000
00000000
00000000
00000000
00000000
00000000
428ccc20
437ba441
43ab7cb5
43643793
421900df
4303f37f
00000000
00000000
00000000
42c4fed4
4359975f
00000000
00000000
00000000
00000000
00000000
00000000
41fc5a0f
41aa5b5d
00000000
00000000
00000000
00000000
00000000
00000000
417c50d4
00000000
42d22bad
00000000
00000000
00000000
00000000
00000000
00000000
00000000
00000000
00000000
00000000
00000000
00000000
00000000
00000000
00000000
00000000
00000000
00000000
00000000
00000000
43680587
4399be15
42f3a6d9
3e6f2987
4355586d
43c9a7b8
43bf92df
00000000
00000000
00000000
00000000
00000000
00000000
433428ac
42700a1b
00000000
4350545b
4384eeb8
00000000
00000000
00000000
42604fd7
00000000
438b9f78
4395d594
00000000
00000000
00000000
00000000
00000000
00000000
00000000
00000000
00000000
00000000
00000000
00000000
00000000
00000000
00000000
00000000
00000000
00000000
00000000
00000000
00000000
00000000
00000000
00000000
43197878
439575a8
43269843
43a56928
4407a1cd
442139ff
4472396f
00000000
00000000
00000000
00000000
00000000
00000000
00000000
00000000
00000000
436096b3
00000000
00000000
00000000
00000000
00000000
00000000
00000000
00000000
00000000
00000000
00000000
00000000
00000000
00000000
00000000
00000000
00000000
00000000
00000000
00000000
00000000
00000000
00000000
00000000
00000000
00000000
00000000
00000000
00000000
00000000
00000000
00000000
00000000
43bf2a50
43849145
43c98382
43c5374a
42eb6b6f
44029595
00000000
00000000
00000000
00000000
00000000
00000000
00000000
00000000
00000000
00000000
00000000
00000000
00000000
41871d72
00000000
00000000
4103f720
43176eef
00000000
00000000
41ec04a2
00000000
00000000
00000000
424030d0
00000000
00000000
41221c06
4166f3a6
00000000
00000000
00000000
00000000
00000000
00000000
00000000
00000000
00000000
00000000
00000000
00000000
00000000
00000000
4355a287
43a37c84
43db4d02
44321f7c
44110a45
43d29874
41cac144
00000000
00000000
00000000
00000000
431b5f5a
43745d28
00000000
00000000
00000000
00000000
00000000
00000000
43313661
00000000
00000000
00000000
00000000
00000000
00000000
42c92966
00000000
00000000
00000000
00000000
00000000
00000000
428c5801
00000000
00000000
00000000
00000000
00000000
00000000
4319ca2e
00000000
00000000
00000000
00000000
00000000
00000000
00000000
432836ec
42da43ab
437eac61
436bf07f
437d5afe
42c387f7
4409fd62
00000000
00000000
424f1155
437c2c8f
43c71c7e
439743c5
4317c53f
00000000
00000000
00000000
4190ec8f
4135cf4e
435f055b
00000000
4337e914
4305ed8e
00000000
00000000
00000000
00000000
00000000
428e55b3
439315b9
428c790d
42b28ad6
00000000
00000000
429baabe
00000000
00000000
00000000
42884ab5
00000000
00000000
42b90a43
00000000
00000000
00000000
00000000
00000000
00000000
00000000
415a814e
41b50d6f
00000000
00000000
43ea4537
441ed016
4418a0e8
00000000
00000000
00000000
00000000
00000000
00000000
43f6f054
00000000
00000000
00000000
00000000
00000000
00000000
00000000
00000000
00000000
00000000
42bfcca2
4281ca88
00000000
00000000
00000000
00000000
00000000
00000000
00000000
00000000
00000000
00000000
00000000
00000000
00000000
00000000
00000000
00000000
4190ae12
41a6e1ee
4296b5b8
00000000
00000000
00000000
00000000
43882f27
439053ae
43496b49
00000000
4100fc5c
41f40f8d
43f426e8
425aa4e7
43982680
43911111
44166ff1
4239ca8d
00000000
00000000
00000000
00000000
419e8351
440a0b3d
43c008d5
00000000
00000000
00000000
00000000
00000000
00000000
435ee377
41c81eb8
00000000
00000000
00000000
00000000
00000000
431f8da1
433948b7
00000000
4240ddff
00000000
00000000
00000000
41fab090
4389c18a
42834b96
00000000
00000000
00000000
00000000
00000000
00000000
00000000
4208a503
436fb4af
433c89d3
431c5b05
43637629
43ddc11c
445b23db
00000000
00000000
00000000
00000000
00000000
00000000
00000000
00000000
00000000
00000000
00000000
00000000
00000000
00000000
00000000
00000000
00000000
00000000
00000000
00000000
00000000
00000000
4272c8a5
4419572f
43730fd9
00000000
00000000
00000000
00000000
00000000
43fd1933
43bf037c
43456db4
00000000
00000000
00000000
00000000
00000000
00000000
00000000
00000000
00000000
41a0af8c
434f9a2e
43a43c7c
43a5ff8b
42a6b2c4
433e0de0
437b5709
418d5ad3
00000000
00000000
00000000
40f07924
00000000
00000000
00000000
00000000
00000000
00000000
00000000
00000000
425285fd
00000000
00000000
00000000
00000000
00000000
00000000
42a6dd35
00000000
00000000
00000000
00000000
00000000
41844c14
429c6583
00000000
00000000
00000000
00000000
00000000
00000000
00000000
00000000
00000000
00000000
00000000
00000000
00000000
00000000
43092c8d
430a1958
43e3361e
43ef30f9
43dee072
440febcb
4478d315
00000000
00000000
00000000
00000000
00000000
00000000
00000000
42f62c95
00000000
00000000
00000000
00000000
00000000
42a64aba
4366e409
43859c77
00000000
00000000
00000000
00000000
00000000
00000000
430c22ce
430eefd3
00000000
00000000
00000000
00000000
00000000
00000000
00000000
00000000
00000000
00000000
00000000
00000000
00000000
00000000
00000000
00000000
00000000
00000000
43624c6b
43fff653
43fcb1e7
4352abe2
438a7ded
43bb9e2d
44213b18
00000000
00000000
00000000
00000000
00000000
00000000
00000000
00000000
00000000
00000000
00000000
00000000
00000000
420506f5
00000000
00000000
00000000
00000000
00000000
00000000
00000000
00000000
00000000
00000000
00000000
00000000
00000000
4372e479
00000000
00000000
00000000
00000000
00000000
00000000
43528d3d
00000000
00000000
00000000
00000000
00000000
00000000
00000000
419312c8
43905466
43dbaeef
43fd271a
43eb5805
42f1c20f
440a3dc5
00000000
00000000
00000000
00000000
00000000
423c790f
00000000
00000000
00000000
00000000
00000000
00000000
00000000
42d6e4a1
00000000
00000000
00000000
00000000
00000000
00000000
428c6054
00000000
00000000
00000000
00000000
00000000
00000000
00000000
00000000
00000000
00000000
00000000
00000000
00000000
00000000
00000000
00000000
00000000
00000000
00000000
00000000
00000000
42dc67ab
4395e970
4382b7b1
43e7c42a
44142a03
43a677b8
4391fd6a
00000000
00000000
00000000
00000000
00000000
4313efd0
42729750
00000000
00000000
00000000
00000000
00000000
42281a80
42cdde51
00000000
00000000
00000000
00000000
00000000
41261d59
43199f3c
00000000
00000000
00000000
00000000
00000000
00000000
430171b4
00000000
00000000
00000000
00000000
00000000
00000000
00000000
42864889
00000000
00000000
00000000
00000000
00000000
00000000
433f4dd1
43ba8e63
43a23cb2
436f302b
430fe2c1
43828f71
43f364de
00000000
00000000
00000000
00000000
00000000
00000000
00000000
00000000
00000000
42a1ae41
00000000
00000000
00000000
4202ff47
00000000
00000000
00000000
00000000
00000000
00000000
00000000
42814c51
00000000
00000000
00000000
00000000
00000000
00000000
423aa4c2
00000000
00000000
00000000
00000000
00000000
41cd6773
00000000
00000000
00000000
00000000
00000000
00000000
00000000
4334d987
42fc7777
43d911bf
4417013b
4421ecb4
436e46f3
440ddf89
00000000
00000000
00000000
00000000
00000000
43707bfa
42ac310a
00000000
00000000
00000000
00000000
00000000
4279fc48
4316de8d
00000000
00000000
00000000
00000000
00000000
00000000
41a1f48a
4289631a
00000000
00000000
00000000
4386cb01
00000000
00000000
41ee432c
00000000
00000000
00000000
41ee7bf9
00000000
00000000
00000000
00000000
00000000
00000000
00000000
00000000
00000000
00000000
4390a21e
440a02ab
439df0cd
436c6354
437f5a61
436a3bb4
00000000
00000000
00000000
427d177c
43469e4d
43cdf972
4373fc7f
00000000
00000000
00000000
00000000
00000000
43817712
432d2b50
00000000
00000000
00000000
00000000
00000000
00000000
42837b83
00000000
00000000
00000000
4341661c
00000000
00000000
41cf633c
00000000
00000000
00000000
00000000
00000000
00000000
00000000
00000000
00000000
00000000
00000000
00000000
00000000
00000000
00000000
422aab99
43893e82
43871a70
434b64d9
431eb1e9
441a5fc8
00000000
00000000
00000000
00000000
00000000
00000000
00000000
00000000
00000000
00000000
00000000
433e6da0
00000000
00000000
00000000
00000000
00000000
00000000
43945327
4375d81a
42a7e7e1
00000000
00000000
00000000
00000000
00000000
00000000
42fa70b6
00000000
00000000
00000000
00000000
00000000
00000000
00000000
00000000
00000000
00000000
00000000
00000000
00000000
00000000
00000000
00000000
00000000
00000000
43a87aed
440ac9fd
44340cb8
43874578
43f5505e
427bb75d
00000000
00000000
00000000
423bc493
421bec08
43a233f9
435182a2
00000000
00000000
00000000
00000000
00000000
41a0e886
00000000
00000000
00000000
00000000
00000000
00000000
00000000
00000000
00000000
00000000
00000000
00000000
00000000
00000000
00000000
00000000
00000000
00000000
00000000
00000000
00000000
00000000
00000000
00000000
00000000
00000000
43675f7c
4386fbc2
438f99a2
4397b5a7
4386c81d
439aa99f
44442e5e
00000000
00000000
00000000
00000000
00000000
00000000
00000000
00000000
00000000
00000000
00000000
00000000
00000000
00000000
00000000
00000000
00000000
00000000
00000000
00000000
00000000
00000000
00000000
00000000
00000000
00000000
00000000
00000000
00000000
00000000
00000000
00000000
00000000
00000000
00000000
00000000
00000000
00000000
00000000
00000000
00000000
00000000
4304baa7
43a60644
43bd0040
43de8bfa
43bab122
42f36481
43834e86
00000000
00000000
00000000
00000000
428d16d5
4387f940
435cf58c
00000000
00000000
00000000
00000000
00000000
42f65214
43cc217c
00000000
00000000
00000000
00000000
00000000
00000000
430beb11
00000000
00000000
00000000
00000000
00000000
00000000
00000000
00000000
00000000
00000000
00000000
00000000
00000000
00000000
00000000
00000000
00000000
00000000
00000000
00000000
00000000
435506bf
43935bda
43a30e82
43b45588
43cb1bd6
4340cd1a
439ac745
00000000
00000000
00000000
00000000
4282bb73
439a086d
430c64a2
4255ce09
00000000
00000000
00000000
00000000
434d3c1f
434d0ddb
00000000
00000000
00000000
00000000
00000000
00000000
422f38ce
00000000
00000000
00000000
00000000
00000000
00000000
00000000
00000000
00000000
00000000
00000000
00000000
00000000
00000000
00000000
00000000
00000000
00000000
00000000
00000000
00000000
43047a44
43b3cad1
43f0a1cb
441f87fd
4439271b
43b92cff
43f03301
00000000
00000000
00000000
00000000
00000000
00000000
42287b30
00000000
00000000
00000000
00000000
00000000
00000000
00000000
421a2977
00000000
00000000
00000000
00000000
00000000
418a0e4d
41b42f70
00000000
00000000
00000000
00000000
00000000
00000000
00000000
00000000
00000000
00000000
00000000
00000000
00000000
00000000
00000000
00000000
00000000
00000000
00000000
00000000
433de499
439d6848
43b3d0d4
4404645b
44169463
43e3a44d
437b979f
00000000
00000000
00000000
00000000
00000000
43aef3b9
435180f7
00000000
00000000
00000000
00000000
00000000
00000000
42f4f1e4
00000000
00000000
00000000
00000000
423cb592
00000000
43250c42
00000000
00000000
00000000
00000000
00000000
00000000
00000000
418ebffc
00000000
00000000
00000000
00000000
00000000
00000000
00000000
00000000
00000000
00000000
00000000
00000000
00000000
426843e2
43a2913e
43911b53
43421f5e
4390cfd3
444c179e
444c6ba9
00000000
00000000
00000000
00000000
00000000
00000000
429cc502
00000000
00000000
00000000
00000000
00000000
00000000
00000000
00000000
00000000
418f2c6a
00000000
00000000
00000000
00000000
00000000
00000000
00000000
00000000
00000000
00000000
00000000
00000000
00000000
00000000
00000000
00000000
00000000
00000000
00000000
00000000
00000000
00000000
00000000
00000000
00000000
4363608e
439f248a
43dd9c1b
440f5d90
43e723ef
42302522
422fe498
00000000
00000000
00000000
00000000
4400e666
43cee2fb
43157ad1
00000000
00000000
00000000
00000000
41caa0b4
43740904
43368958
00000000
00000000
00000000
00000000
00000000
00000000
428a1b71
4214cb41
00000000
00000000
00000000
00000000
00000000
42814ad0
00000000
00000000
00000000
00000000
00000000
00000000
4159538d
00000000
00000000
00000000
00000000
00000000
00000000
00000000
412f1e4b
00000000
42d9dcf6
43daeb6b
44164561
44224dea
43e2cbc5
00000000
00000000
00000000
00000000
00000000
43d5ee8e
43ef30c8
00000000
00000000
00000000
00000000
00000000
00000000
4201301f
00000000
00000000
00000000
00000000
00000000
00000000
00000000
00000000
00000000
00000000
00000000
00000000
00000000
00000000
00000000
00000000
00000000
00000000
00000000
00000000
00000000
41326463
00000000
00000000
00000000
00000000
3f41cfda
00000000
41883aaa
43a82efc
4393d4b5
00000000
435af566
43e9c805
43958073
00000000
00000000
00000000
00000000
00000000
00000000
4107b8d4
00000000
00000000
00000000
00000000
00000000
00000000
42762586
00000000
00000000
00000000
00000000
00000000
00000000
431dc4da
428f2fe0
00000000
00000000
00000000
00000000
00000000
00000000
4227df95
42335cfa
00000000
00000000
40b5f495
419d1257
00000000
41bde8a7
431283f7
4302aaa9
421b7923
00000000
42506a13
41b3a511
00000000
433b02ba
43859440
42f61db1
4330152c
43635f7a
4322b566
00000000
00000000
00000000
00000000
00000000
00000000
42e4b3e1
00000000
00000000
00000000
00000000
00000000
00000000
4205c84c
00000000
00000000
00000000
00000000
00000000
433b8383
00000000
00000000
00000000
00000000
00000000
00000000
43216350
40bf4671
426d2161
00000000
00000000
00000000
00000000
00000000
42b41b8f
41be850b
425defa7
426515ee
00000000
00000000
00000000
00000000
00000000
4304bdb1
430cbce3
43ad39cb
43bb0b48
43fadd0c
440d7e0e
00000000
00000000
00000000
00000000
00000000
00000000
417ccce6
00000000
00000000
00000000
00000000
00000000
00000000
00000000
00000000
00000000
00000000
00000000
00000000
00000000
00000000
00000000
00000000
00000000
43ef5e07
00000000
43571870
00000000
00000000
00000000
00000000
422e7a0e
00000000
4225ea5f
00000000
00000000
00000000
00000000
00000000
00000000
00000000
00000000
42818b1f
4397c038
43ab66c9
437d8148
43c00815
43d5f286
43bb72bc
00000000
00000000
41e7edb8
437302d7
00000000
00000000
00000000
00000000
00000000
00000000
00000000
00000000
00000000
00000000
00000000
00000000
00000000
00000000
00000000
00000000
00000000
00000000
00000000
00000000
00000000
00000000
00000000
00000000
00000000
00000000
00000000
00000000
00000000
00000000
00000000
00000000
00000000
00000000
00000000
00000000
00000000
00000000
00000000
425bd191
440c6887
441a6be6
4372708a
00000000
421bbf0d
410249ba
00000000
00000000
42fe9ad7
42253083
42e8d81a
00000000
436d1eb8
41c0ac51
00000000
00000000
3ca5c073
430b4d77
00000000
42df886d
42dd8053
00000000
00000000
00000000
00000000
00000000
00000000
00000000
00000000
00000000
00000000
00000000
00000000
424bdc10
00000000
00000000
00000000
00000000
00000000
00000000
00000000
00000000
00000000
00000000
00000000
00000000
00000000
436fe2aa
43708c6f
41624277
435541f6
44209525
442c8a5e
438cb7ad
00000000
00000000
00000000
00000000
00000000
437a8b0e
43b9fcb5
00000000
00000000
00000000
00000000
00000000
00000000
43871f13
00000000
00000000
00000000
00000000
00000000
00000000
00000000
00000000
00000000
00000000
00000000
00000000
00000000
00000000
00000000
00000000
00000000
00000000
00000000
00000000
41c12e8c
4309b405
00000000
00000000
00000000
00000000
00000000
00000000
42d852bb
4302401b
00000000
00000000
00000000
43ab55a8
445d21d2
3f3e45a1
00000000
00000000
00000000
00000000
00000000
00000000
00000000
00000000
00000000
00000000
00000000
00000000
00000000
42056945
00000000
00000000
00000000
00000000
00000000
00000000
431c0180
42846947
00000000
00000000
00000000
00000000
00000000
429479e9
42bd24f0
00000000
00000000
00000000
00000000
00000000
00000000
00000000
00000000
00000000
00000000
00000000
00000000
408bf4ed
40db2ac9
4218293f
4252dd1a
4285855a
4217a21c
427076ad
00000000
00000000
4367f936
4344e510
4202ef5a
00000000
00000000
00000000
00000000
00000000
00000000
4192dec7
00000000
4159ca35
41bf524c
00000000
00000000
00000000
00000000
00000000
00000000
00000000
416bc813
4146d38a
00000000
00000000
00000000
00000000
00000000
00000000
00000000
00000000
00000000
00000000
00000000
00000000
00000000
00000000
00000000
00000000
00000000
00000000
43735be1
440a7f96
44344876
43ba4b49
42eaee3e
3f6fcdbe
3d491347
00000000
00000000
42b2fec5
43a860c5
43c75961
41b87c22
3c2499e6
00000000
00000000
00000000
43574ac2
43f6952c
42a3df92
4108635c
00000000
00000000
00000000
00000000
42a3836c
4258ac80
41790fbf
00000000
00000000
00000000
00000000
42fa5e2a
41f19f40
3c42b5a0
42eafd14
00000000
00000000
00000000
430b1725
42984c93
408f350b
42dff4ca
430ee0cc
00000000
00000000
4256ae52
42967bcb
3debc44b
43bec361
437eca19
436e99c5
43cf9a15
43f504df
43873bd2
44066e32
4366b026
43a2ac9e
430e1fec
00000000
42ab2652
00000000
42926d5c
00000000
00000000
00000000
00000000
00000000
00000000
00000000
00000000
00000000
00000000
00000000
00000000
00000000
00000000
00000000
00000000
00000000
00000000
00000000
00000000
00000000
00000000
00000000
00000000
00000000
00000000
00000000
00000000
00000000
00000000
00000000
00000000
00000000
00000000
00000000
41ed8346
438d1662
43972837
438fcb5b
439bb387
43f7aeef
4484e629
00000000
00000000
00000000
00000000
00000000
00000000
00000000
00000000
00000000
00000000
00000000
00000000
00000000
00000000
00000000
00000000
00000000
00000000
00000000
00000000
00000000
00000000
00000000
00000000
00000000
00000000
00000000
00000000
00000000
00000000
00000000
00000000
00000000
00000000
00000000
00000000
00000000
00000000
00000000
00000000
00000000
00000000
43c0d9d8
43d0c4bb
439c4658
43a7a3bf
4392900a
43e7d178
43ca78c0
42ccbeb9
4316b2cb
4206a909
00000000
00000000
414cd3b6
434bf498
00000000
00000000
00000000
00000000
00000000
00000000
00000000
00000000
00000000
00000000
00000000
00000000
00000000
00000000
00000000
00000000
00000000
00000000
00000000
00000000
00000000
00000000
00000000
00000000
00000000
00000000
00000000
00000000
41aa625e
00000000
00000000
00000000
00000000
415b4adf
41d084e4
420b4380
4343bf12
43624b20
43d1eb67
43d83ac3
438ba3d3
44112843
425a33ee
00000000
00000000
00000000
00000000
43473567
414f15a5
4199a0d3
00000000
00000000
00000000
00000000
42e68d75
4352b2e9
00000000
00000000
00000000
00000000
00000000
00000000
4357a269
00000000
00000000
00000000
00000000
00000000
00000000
00000000
00000000
00000000
00000000
00000000
00000000
00000000
00000000
00000000
00000000
00000000
00000000
00000000
00000000
00000000
00000000
43865a31
4394e2bc
4353145c
42ad9ffc
437a63b9
43da06b9
00000000
00000000
00000000
00000000
00000000
00000000
00000000
00000000
00000000
00000000
00000000
00000000
00000000
41f88988
00000000
00000000
00000000
00000000
00000000
00000000
00000000
42888996
4194c3a5
00000000
00000000
00000000
00000000
00000000
41ed4b1a
424136bd
00000000
00000000
00000000
00000000
00000000
00000000
00000000
00000000
00000000
00000000
00000000
00000000
41d4810e
42b69340
432f22fa
4305b909
4383bec2
43a93cb7
439cbcde
42b4e30c
00000000
00000000
00000000
00000000
00000000
41a80f56
00000000
00000000
00000000
00000000
00000000
00000000
425939cf
00000000
00000000
00000000
00000000
00000000
00000000
41fde256
00000000
00000000
00000000
00000000
00000000
00000000
00000000
00000000
00000000
00000000
00000000
00000000
00000000
00000000
00000000
00000000
00000000
00000000
00000000
00000000
00000000
418916de
43b3ce99
4410da7d
44112e47
44099c74
43165cf2
4315cfb9
00000000
00000000
00000000
00000000
43936536
438d6fe7
430b58b4
00000000
00000000
00000000
00000000
00000000
430c21df
4364955f
00000000
00000000
00000000
00000000
00000000
00000000
42eabba4
4114605c
00000000
00000000
00000000
00000000
00000000
42b65d7f
4275d3ba
00000000
00000000
00000000
00000000
00000000
41af8c32
00000000
00000000
00000000
00000000
00000000
00000000
00000000
