42b161c7
43254993
00000000
00000000
00000000
00000000
00000000
413b2fec
4341f7f9
00000000
00000000
00000000
00000000
00000000
40834f40
42f2aaaa
420f874f
00000000
00000000
00000000
00000000
3cbe2ec2
4197e026
4312c07b
00000000
42a291c3
420de2d9
00000000
00000000
42a17765
430b0004
00000000
42966bf4
00000000
00000000
00000000
00000000
00000000
00000000
41eeab70
420257b1
00000000
42efc39d
42cad37a
42f65fee
43017b64
43548b7b
43757f00
42acf433
00000000
00000000
00000000
00000000
00000000
00000000
00000000
00000000
00000000
00000000
00000000
00000000
00000000
00000000
00000000
00000000
00000000
00000000
00000000
00000000
00000000
00000000
42f1b96f
4300bcab
00000000
00000000
00000000
00000000
00000000
42c87b22
4360b83b
00000000
00000000
00000000
00000000
00000000
00000000
4125d769
00000000
00000000
00000000
00000000
4211f709
41e0b867
4226174b
4240614e
41f09e19
420ae74a
40fa5906
00000000
00000000
00000000
00000000
00000000
00000000
00000000
00000000
00000000
00000000
00000000
00000000
00000000
00000000
436351b9
00000000
00000000
00000000
00000000
00000000
00000000
438c0a98
00000000
00000000
00000000
00000000
00000000
4127f4bc
41a768c0
00000000
00000000
00000000
00000000
00000000
00000000
00000000
41b5b96f
426d1216
00000000
00000000
00000000
00000000
4292e8db
43180712
43100154
429cd7f8
00000000
4148956d
40f91548
00000000
00000000
00000000
00000000
00000000
00000000
00000000
00000000
00000000
00000000
00000000
00000000
00000000
00000000
00000000
00000000
00000000
00000000
00000000
00000000
00000000
00000000
00000000
00000000
00000000
42243f44
00000000
00000000
00000000
00000000
00000000
4302ef61
429b6225
00000000
00000000
00000000
00000000
00000000
00000000
00000000
00000000
00000000
438f215e
4343575e
42da09ca
43107590
43e4938b
43aa25e5
43027ec9
00000000
00000000
00000000
00000000
00000000
00000000
00000000
00000000
00000000
00000000
00000000
00000000
00000000
00000000
00000000
00000000
00000000
00000000
00000000
00000000
00000000
00000000
00000000
00000000
00000000
00000000
00000000
00000000
00000000
00000000
00000000
00000000
00000000
00000000
00000000
41e642a7
00000000
00000000
00000000
00000000
00000000
00000000
43b39f08
433591b0
427c9bf9
41a563ca
42c74c52
428461cf
418573d0
420a91d4
00000000
42a43e52
00000000
4162c83f
00000000
00000000
42300024
00000000
41ab7aaa
00000000
00000000
00000000
00000000
00000000
00000000
00000000
00000000
00000000
42f8da9a
00000000
00000000
00000000
00000000
00000000
00000000
423b4715
00000000
00000000
00000000
00000000
00000000
00000000
00000000
00000000
428c6021
43190a29
43537657
00000000
4115c112
00000000
00000000
4350d07c
43d80b19
43909612
43048655
4334c12e
41a8dfbe
40dbb8c4
00000000
00000000
00000000
00000000
00000000
00000000
00000000
00000000
00000000
00000000
00000000
00000000
00000000
00000000
00000000
00000000
00000000
00000000
00000000
00000000
00000000
00000000
00000000
00000000
00000000
00000000
00000000
00000000
00000000
00000000
00000000
00000000
00000000
00000000
00000000
00000000
00000000
00000000
00000000
00000000
00000000
00000000
439cae0a
43c78d0a
435f9acd
437d8598
438cdfa3
42ed51df
415f40a2
00000000
00000000
00000000
00000000
00000000
00000000
00000000
00000000
00000000
00000000
00000000
00000000
00000000
00000000
00000000
00000000
00000000
00000000
00000000
00000000
00000000
42acec59
00000000
00000000
00000000
00000000
00000000
00000000
412c279e
00000000
00000000
00000000
00000000
00000000
00000000
00000000
00000000
00000000
00000000
00000000
00000000
00000000
43abc82e
4325c6c4
436c3ab5
00000000
4292c64b
418adcce
40529491
00000000
00000000
00000000
00000000
00000000
00000000
00000000
40d85e0d
00000000
3f987222
4310beeb
00000000
00000000
00000000
4341d077
00000000
00000000
42dae43d
00000000
00000000
00000000
00000000
00000000
00000000
00000000
00000000
40ac5593
423bfbbd
00000000
00000000
00000000
00000000
00000000
00000000
4182a1b7
41e6d226
00000000
00000000
00000000
00000000
00000000
00000000
43684ba6
433d112d
434ce598
42b30f70
00000000
41c04455
00000000
00000000
00000000
00000000
00000000
00000000
00000000
00000000
00000000
00000000
00000000
00000000
00000000
00000000
00000000
00000000
00000000
00000000
00000000
00000000
00000000
00000000
00000000
00000000
00000000
00000000
00000000
00000000
00000000
00000000
00000000
00000000
00000000
00000000
00000000
00000000
00000000
00000000
00000000
00000000
00000000
00000000
00000000
434f7015
43146133
43032870
42f6aff1
42c59fca
42b4cc08
411c6c97
00000000
00000000
00000000
00000000
00000000
00000000
00000000
00000000
00000000
00000000
00000000
00000000
00000000
00000000
408863a1
00000000
00000000
00000000
00000000
00000000
00000000
432f0e95
00000000
00000000
00000000
00000000
00000000
00000000
4387d15d
00000000
00000000
00000000
00000000
00000000
00000000
438d934d
430ded92
00000000
00000000
00000000
00000000
00000000
438b26bf
4390af17
42ed85c4
00000000
42bace0d
41db1f5b
00000000
00000000
00000000
00000000
00000000
00000000
00000000
00000000
00000000
00000000
00000000
00000000
00000000
00000000
00000000
00000000
00000000
00000000
00000000
00000000
00000000
00000000
00000000
00000000
00000000
00000000
00000000
00000000
00000000
00000000
00000000
00000000
00000000
00000000
00000000
00000000
00000000
00000000
00000000
00000000
00000000
00000000
00000000
4352c649
4318c957
4380e800
43899452
4373c497
43693ade
00000000
00000000
00000000
00000000
00000000
00000000
00000000
00000000
00000000
00000000
00000000
00000000
00000000
00000000
00000000
00000000
00000000
00000000
00000000
00000000
00000000
00000000
00000000
41b9d32f
00000000
00000000
00000000
00000000
00000000
00000000
00000000
00000000
00000000
00000000
00000000
00000000
00000000
00000000
00000000
00000000
00000000
00000000
00000000
4383299f
43b78436
437b582a
4339c2fd
43450df8
43356a95
41e413c0
00000000
00000000
4265b6af
423c4633
00000000
00000000
00000000
00000000
00000000
00000000
42d5a90c
4319dc66
00000000
00000000
00000000
00000000
00000000
4337ed3f
4393fd40
00000000
00000000
4222f827
00000000
00000000
00000000
41bec933
00000000
00000000
421b946a
4232ee86
422e830d
00000000
00000000
00000000
00000000
42c1aa64
43a943d1
43b32d58
41290a2e
00000000
00000000
00000000
42e76291
43be6db7
43e10211
43a6cfa8
43a671d6
4327a5a4
4326368c
00000000
00000000
00000000
00000000
00000000
00000000
00000000
00000000
00000000
00000000
00000000
4261ebaa
42cde0fa
00000000
00000000
00000000
00000000
00000000
00000000
00000000
00000000
00000000
00000000
00000000
00000000
00000000
00000000
00000000
00000000
00000000
00000000
00000000
00000000
00000000
00000000
00000000
00000000
00000000
00000000
00000000
00000000
00000000
439f0451
43a39957
4362f7ec
43521434
4368f1bc
43182e65
4135073b
00000000
00000000
00000000
00000000
00000000
00000000
00000000
00000000
00000000
00000000
00000000
00000000
00000000
00000000
00000000
00000000
00000000
00000000
00000000
00000000
00000000
00000000
00000000
00000000
42fb2cc6
00000000
00000000
00000000
00000000
00000000
00000000
431159bc
00000000
00000000
00000000
00000000
00000000
00000000
00000000
00000000
00000000
00000000
438737cd
435aa0ff
43035a96
44017b26
43bc2972
4390ec38
424fa9b2
00000000
00000000
00000000
00000000
00000000
00000000
00000000
00000000
00000000
00000000
00000000
00000000
00000000
00000000
00000000
00000000
00000000
00000000
00000000
00000000
00000000
00000000
00000000
00000000
00000000
00000000
00000000
00000000
00000000
00000000
00000000
00000000
00000000
00000000
00000000
00000000
00000000
00000000
00000000
00000000
00000000
00000000
432e508b
432a1eb8
42b2ba47
42c2afb2
4294eee6
42d7112d
41f3820a
00000000
00000000
00000000
00000000
00000000
00000000
00000000
00000000
00000000
00000000
00000000
00000000
00000000
00000000
00000000
00000000
00000000
00000000
00000000
00000000
00000000
00000000
00000000
403c540f
00000000
00000000
00000000
00000000
00000000
00000000
00000000
00000000
00000000
00000000
00000000
422a7db0
00000000
00000000
00000000
00000000
00000000
00000000
4388bba1
435fc132
43676f6d
430bc051
430258de
42786630
00000000
00000000
00000000
00000000
00000000
00000000
00000000
00000000
00000000
00000000
00000000
00000000
00000000
00000000
00000000
00000000
00000000
00000000
00000000
00000000
00000000
00000000
00000000
00000000
00000000
00000000
00000000
00000000
00000000
00000000
00000000
00000000
00000000
00000000
00000000
00000000
00000000
00000000
00000000
00000000
00000000
00000000
00000000
433306a0
438083ff
43a65937
437c6ace
43ae2e0b
43ee5bf1
42b898b2
00000000
00000000
00000000
00000000
00000000
00000000
00000000
00000000
00000000
00000000
00000000
00000000
00000000
00000000
00000000
00000000
00000000
00000000
00000000
00000000
00000000
00000000
00000000
00000000
00000000
00000000
00000000
00000000
00000000
00000000
00000000
00000000
00000000
00000000
00000000
00000000
00000000
00000000
00000000
00000000
00000000
00000000
43658086
43814a8e
43812a45
4307ea77
43905511
42b2ddc6
427aee04
00000000
00000000
00000000
00000000
00000000
00000000
00000000
00000000
00000000
00000000
00000000
00000000
00000000
00000000
00000000
00000000
00000000
00000000
00000000
00000000
00000000
4230e075
00000000
00000000
00000000
00000000
00000000
00000000
424aae79
00000000
00000000
00000000
00000000
00000000
00000000
43c5b8b5
42a0ea88
00000000
00000000
00000000
00000000
00000000
44049ae5
43265f0a
4357b8ec
4303366f
4288b83f
42095f99
40e6d35a
00000000
00000000
00000000
00000000
00000000
00000000
00000000
00000000
00000000
00000000
00000000
00000000
00000000
00000000
00000000
00000000
00000000
00000000
00000000
00000000
00000000
00000000
00000000
00000000
00000000
00000000
00000000
00000000
00000000
00000000
00000000
00000000
00000000
00000000
00000000
00000000
00000000
00000000
00000000
00000000
00000000
00000000
4363a6f5
43127ead
430d953a
43483bcb
431e6866
438e8da2
41f0b461
00000000
00000000
00000000
00000000
00000000
00000000
00000000
00000000
00000000
00000000
00000000
00000000
00000000
00000000
00000000
00000000
00000000
00000000
00000000
00000000
00000000
43597902
00000000
00000000
00000000
00000000
00000000
00000000
435171dd
41d525b7
00000000
00000000
00000000
00000000
00000000
43476bfb
4358e6be
00000000
00000000
00000000
00000000
00000000
439d8070
4403d3cc
43a802b0
440687bd
43c5d2aa
43bf5ee7
43779bca
00000000
00000000
00000000
00000000
00000000
00000000
00000000
00000000
00000000
00000000
00000000
00000000
00000000
00000000
00000000
00000000
00000000
00000000
00000000
00000000
00000000
41886a8d
00000000
00000000
00000000
00000000
00000000
00000000
431cb2c0
00000000
00000000
00000000
00000000
00000000
00000000
432911dd
00000000
00000000
00000000
00000000
00000000
00000000
43ab2a99
43aea541
43cadefa
439fdded
43db84e5
42f59134
42f999d0
00000000
00000000
00000000
00000000
00000000
00000000
00000000
00000000
00000000
00000000
00000000
00000000
00000000
00000000
00000000
00000000
00000000
00000000
00000000
00000000
00000000
00000000
00000000
00000000
00000000
00000000
00000000
00000000
00000000
00000000
00000000
00000000
00000000
00000000
00000000
00000000
00000000
00000000
00000000
00000000
00000000
00000000
434ec208
43557283
4345f7b1
432c0884
4345e0d4
435a4c69
425fbda5
00000000
42228ee6
4290b441
4258a5fd
00000000
00000000
00000000
00000000
00000000
42018ea3
4386cf97
00000000
00000000
00000000
00000000
00000000
00000000
4357dd32
00000000
00000000
00000000
00000000
00000000
00000000
42a96661
00000000
42fd4b08
00000000
42c259e5
00000000
00000000
00000000
00000000
429064d8
00000000
42ea65f2
00000000
00000000
00000000
414fbfca
00000000
00000000
43d5ac33
43d06f4d
42e220d7
437c79f0
433231f0
43026eea
00000000
00000000
00000000
00000000
00000000
00000000
00000000
00000000
00000000
00000000
00000000
00000000
00000000
00000000
00000000
42c004a6
00000000
00000000
00000000
00000000
00000000
00000000
4250c980
00000000
00000000
00000000
00000000
00000000
00000000
4356510c
4397aea7
00000000
00000000
00000000
00000000
00000000
43a14104
43851fd9
431cde4c
00000000
00000000
00000000
00000000
438f9651
439dba05
43cf408a
432cb540
430490ab
431bc479
4294ea0f
00000000
00000000
00000000
00000000
00000000
00000000
00000000
00000000
00000000
00000000
00000000
00000000
00000000
00000000
00000000
00000000
00000000
00000000
00000000
00000000
00000000
00000000
00000000
00000000
00000000
00000000
00000000
00000000
00000000
00000000
00000000
00000000
00000000
00000000
00000000
00000000
00000000
00000000
00000000
00000000
00000000
00000000
439c342b
431d7b27
436a4ae8
4301824c
431f5874
41b8a726
42b3b610
00000000
00000000
00000000
00000000
00000000
00000000
00000000
00000000
00000000
00000000
00000000
00000000
00000000
00000000
00000000
00000000
00000000
00000000
00000000
00000000
00000000
00000000
00000000
00000000
00000000
00000000
00000000
00000000
00000000
00000000
00000000
00000000
00000000
00000000
00000000
00000000
00000000
00000000
00000000
00000000
00000000
00000000
4303f188
438a4dd7
43046a7b
4369de27
4318cdbe
42402433
42932369
00000000
00000000
00000000
00000000
00000000
00000000
00000000
00000000
00000000
00000000
00000000
00000000
00000000
00000000
00000000
00000000
00000000
00000000
00000000
00000000
00000000
00000000
00000000
00000000
00000000
00000000
00000000
00000000
00000000
00000000
00000000
00000000
00000000
00000000
00000000
00000000
00000000
00000000
00000000
00000000
00000000
00000000
438c8523
436d9449
436903e5
436e20ee
4368d805
43905ee8
42e4b10d
00000000
00000000
00000000
00000000
00000000
00000000
00000000
00000000
00000000
00000000
00000000
00000000
00000000
00000000
4204db7f
00000000
00000000
00000000
00000000
00000000
00000000
00000000
00000000
00000000
00000000
00000000
00000000
00000000
42e88952
00000000
00000000
00000000
00000000
00000000
00000000
425e5488
00000000
43961484
00000000
00000000
00000000
00000000
42b4be67
430064f8
43c13fc7
43a3fb53
43c28ac8
434af299
00000000
00000000
00000000
00000000
00000000
00000000
00000000
00000000
00000000
00000000
00000000
00000000
00000000
00000000
00000000
00000000
00000000
00000000
00000000
00000000
00000000
00000000
00000000
00000000
00000000
00000000
00000000
00000000
00000000
00000000
00000000
00000000
00000000
00000000
00000000
00000000
00000000
00000000
00000000
00000000
00000000
00000000
00000000
4392e21d
43be545d
4381fe3d
43bfe82a
42b94ef4
43343e49
41766733
00000000
00000000
00000000
00000000
00000000
00000000
4228202c
00000000
00000000
00000000
00000000
00000000
00000000
419d90b9
00000000
00000000
00000000
00000000
00000000
00000000
00000000
43082d06
00000000
00000000
00000000
00000000
00000000
00000000
00000000
00000000
00000000
00000000
00000000
00000000
00000000
41282b61
438ea1c4
00000000
00000000
00000000
00000000
00000000
4321e195
43c9330e
434629f5
43123ebe
429d4e54
42d6d811
410781d6
00000000
00000000
00000000
00000000
00000000
00000000
00000000
00000000
00000000
00000000
00000000
00000000
00000000
00000000
00000000
00000000
00000000
00000000
00000000
00000000
00000000
00000000
00000000
00000000
00000000
00000000
00000000
00000000
00000000
00000000
00000000
00000000
00000000
00000000
00000000
4301cd7e
00000000
00000000
00000000
4286ee08
435fcd1c
00000000
438108f8
42ecfcdb
42592505
40a40863
42edd696
4329d45a
4221e9d8
00000000
00000000
00000000
00000000
00000000
00000000
00000000
42221bec
00000000
00000000
00000000
00000000
00000000
00000000
4380b096
00000000
00000000
00000000
00000000
00000000
40d27834
43cc20e3
42a0be29
00000000
00000000
00000000
00000000
00000000
43812b3f
4316f59f
43233da5
00000000
00000000
00000000
41a67ee9
42ecd3c8
43790ee6
43b4491e
42d51b92
43030261
42b7a9db
41d5542b
421219f9
433080b5
431758c1
00000000
00000000
421565aa
3fa08fcf
00000000
00000000
00000000
00000000
00000000
00000000
00000000
00000000
00000000
00000000
00000000
00000000
00000000
00000000
00000000
00000000
00000000
00000000
00000000
00000000
00000000
00000000
00000000
00000000
00000000
00000000
00000000
00000000
433a607c
426acdfe
43832771
00000000
00000000
00000000
00000000
4326991e
43a27fe4
43b0a34b
43613723
00000000
00000000
00000000
42b5b183
43b31ed2
43c19fb7
44146b1e
43b9f482
43c6a9ca
429421e7
00000000
00000000
00000000
00000000
00000000
00000000
00000000
00000000
00000000
00000000
00000000
00000000
00000000
00000000
00000000
00000000
00000000
00000000
00000000
00000000
00000000
00000000
00000000
00000000
00000000
00000000
00000000
00000000
00000000
00000000
00000000
00000000
00000000
00000000
00000000
00000000
00000000
00000000
00000000
00000000
00000000
00000000
42d5446f
432ffb6d
43c7a7d6
43b32888
43ef28fd
43b2a375
4344c69d
00000000
00000000
00000000
00000000
00000000
00000000
00000000
00000000
00000000
00000000
00000000
00000000
00000000
00000000
00000000
00000000
00000000
42ef9a70
00000000
00000000
00000000
00000000
00000000
00000000
00000000
00000000
428cff54
40e662dd
00000000
00000000
00000000
00000000
42c46a94
00000000
42114062
00000000
00000000
00000000
428b950e
430c66a7
00000000
3fc2c415
433815c0
42944bda
4349b4cb
429cb36c
43552904
4235eace
42692b16
41260622
00000000
00000000
00000000
00000000
41fc6139
426a8abf
42c91032
42afeea3
00000000
00000000
00000000
00000000
428d877c
430ad653
4395e3d7
00000000
00000000
00000000
00000000
00000000
00000000
43016a83
00000000
00000000
00000000
00000000
40db3c5b
4275126c
43563291
42976254
00000000
00000000
00000000
00000000
434192f8
431453af
42aac609
4249e9e8
42f49e82
00000000
41a88517
430d6d03
4321c4bf
43659d08
43197d70
42d1d366
428b7b2f
423c6ecf
00000000
00000000
00000000
00000000
00000000
00000000
00000000
00000000
00000000
00000000
00000000
00000000
00000000
00000000
00000000
00000000
00000000
00000000
00000000
00000000
00000000
00000000
00000000
00000000
00000000
00000000
00000000
00000000
42a02c99
00000000
00000000
00000000
00000000
00000000
00000000
43c6d23b
42f47d4a
00000000
00000000
00000000
00000000
00000000
43ba2eac
435ff4ad
43abb183
437b0930
429d030d
42fbedd9
420f6318
00000000
00000000
00000000
00000000
00000000
00000000
00000000
00000000
00000000
40854e14
42b974e8
422baa57
00000000
00000000
00000000
00000000
3fc0ff85
00000000
00000000
00000000
00000000
00000000
00000000
00000000
00000000
00000000
00000000
00000000
00000000
00000000
00000000
00000000
00000000
00000000
00000000
00000000
00000000
00000000
00000000
00000000
00000000
00000000
433db5e3
43206aeb
433ae871
439f1ed6
439d7d26
43baaf62
43150271
00000000
00000000
00000000
00000000
00000000
00000000
00000000
00000000
00000000
00000000
00000000
00000000
00000000
00000000
00000000
422b2b99
00000000
00000000
00000000
00000000
00000000
00000000
4349b2f8
437917b3
00000000
00000000
00000000
00000000
00000000
431b8645
42e20896
00000000
00000000
00000000
00000000
00000000
00000000
42029d5a
00000000
00000000
00000000
00000000
41ea4b79
4205992a
42430b50
42b2ae3e
4290dad3
4202f094
4140050f
00000000
00000000
00000000
00000000
00000000
4110ba81
3dc8b2f9
00000000
00000000
00000000
00000000
00000000
405e6801
4009d414
429d1647
00000000
00000000
00000000
00000000
00000000
4082a32c
43a5a0e4
00000000
00000000
00000000
00000000
00000000
3db62d5d
43f8881b
4351c041
00000000
00000000
00000000
00000000
40536b61
43dc4a04
43d7f154
00000000
00000000
00000000
00000000
408652ef
43a3cae8
43e8ee88
436de05d
00000000
42cfbf1d
416241cf
3def2ee8
00000000
00000000
00000000
00000000
00000000
00000000
00000000
00000000
00000000
00000000
00000000
00000000
00000000
00000000
00000000
00000000
00000000
00000000
00000000
00000000
00000000
00000000
00000000
00000000
00000000
00000000
00000000
00000000
00000000
00000000
00000000
00000000
00000000
00000000
00000000
00000000
00000000
00000000
00000000
00000000
00000000
00000000
4342164a
434a12e4
43312ab0
43574d6c
4301b3d4
411a541a
4120ccf1
00000000
00000000
00000000
00000000
00000000
00000000
00000000
00000000
00000000
00000000
00000000
00000000
00000000
00000000
00000000
00000000
00000000
00000000
00000000
00000000
00000000
00000000
00000000
00000000
00000000
00000000
00000000
00000000
00000000
00000000
00000000
00000000
00000000
00000000
00000000
00000000
00000000
00000000
00000000
00000000
00000000
00000000
43d6b381
43ad204f
43a96183
43b80915
43c7133d
43d1e0c4
430e2429
00000000
00000000
00000000
00000000
00000000
00000000
00000000
00000000
00000000
00000000
00000000
00000000
00000000
00000000
00000000
00000000
00000000
00000000
00000000
00000000
00000000
00000000
00000000
00000000
00000000
00000000
00000000
00000000
00000000
00000000
00000000
00000000
00000000
00000000
418896e0
430c5df0
00000000
00000000
00000000
430f0ae3
42a590fb
422bcc20
438024eb
435f690a
42957900
4232d96e
4326734e
42a5405d
41be416c
00000000
00000000
00000000
00000000
00000000
00000000
00000000
00000000
00000000
00000000
00000000
00000000
00000000
00000000
00000000
00000000
00000000
00000000
00000000
00000000
00000000
00000000
00000000
00000000
00000000
00000000
00000000
00000000
41cde482
00000000
00000000
00000000
00000000
00000000
00000000
00000000
00000000
00000000
00000000
00000000
00000000
00000000
4383af27
42e2a461
43997c37
43802d6e
43630fdc
4367ac03
40aa79b1
00000000
00000000
00000000
00000000
00000000
00000000
00000000
411503cc
00000000
00000000
00000000
00000000
00000000
42a2200b
43282f43
00000000
00000000
00000000
00000000
00000000
00000000
4388670d
4356ac28
42a76418
422e83bb
00000000
3f982896
41c73aa9
43606aa7
432546ed
428681df
41e06bab
00000000
416e6317
4154e093
42b2e353
4260efff
40f026d5
00000000
00000000
00000000
00000000
420757b9
42210082
4214bec3
421bb080
421e3307
42045040
411f7f76
00000000
00000000
00000000
00000000
00000000
00000000
00000000
00000000
00000000
00000000
00000000
00000000
00000000
00000000
00000000
00000000
00000000
00000000
00000000
00000000
00000000
00000000
00000000
00000000
00000000
00000000
00000000
00000000
00000000
00000000
00000000
00000000
00000000
00000000
00000000
00000000
00000000
00000000
00000000
00000000
00000000
00000000
42bd8ad6
427dbc81
42f13552
4288dd68
427b7741
428fb6fc
4154e358
00000000
00000000
00000000
00000000
00000000
00000000
00000000
00000000
00000000
00000000
00000000
00000000
00000000
00000000
00000000
00000000
00000000
00000000
00000000
00000000
00000000
43bd7a7a
41d88407
00000000
00000000
00000000
00000000
00000000
43fc6eeb
42bf604a
00000000
00000000
00000000
00000000
00000000
4357924b
4319838e
42f5abba
00000000
00000000
00000000
00000000
43463be2
43a7e8b0
438c92f0
42a80839
42de0315
429142b9
4204e5bd
