422dc53a
00000000
00000000
00000000
00000000
00000000
00000000
428df995
00000000
00000000
00000000
00000000
00000000
00000000
434e7389
00000000
00000000
00000000
00000000
00000000
00000000
431010bf
00000000
00000000
00000000
00000000
00000000
00000000
429c3363
00000000
00000000
00000000
00000000
00000000
00000000
420557f0
00000000
00000000
00000000
00000000
00000000
00000000
00000000
00000000
00000000
00000000
00000000
00000000
00000000
428d97a9
00000000
00000000
00000000
00000000
00000000
00000000
427dc7cf
00000000
00000000
00000000
00000000
00000000
00000000
42551d84
00000000
00000000
00000000
00000000
00000000
00000000
00000000
00000000
00000000
00000000
00000000
00000000
00000000
4284614b
00000000
43143209
430d9a3d
00000000
00000000
00000000
424a2d1e
00000000
00000000
00000000
00000000
00000000
00000000
00000000
00000000
00000000
00000000
00000000
00000000
00000000
438b1042
42faac05
42f114b4
4367bfe4
4363c47c
43330bde
42e2104e
4375bdff
430e3bc5
431415a9
432121ec
42752100
00000000
42d5df11
4355b56c
425c5e13
42fe3157
421c5f8c
00000000
42ce6867
00000000
43288e60
00000000
4213ffec
00000000
427d8087
425f0e6d
00000000
42a1867d
00000000
41e8c8da
414a1fce
00000000
00000000
00000000
00000000
00000000
00000000
00000000
00000000
00000000
00000000
00000000
00000000
00000000
00000000
00000000
00000000
00000000
43769228
428bc378
429f515d
42a0ff67
42aaf115
42883f17
00000000
433d8d81
424fae14
4208851c
42555d68
42827574
424bb290
421abed3
43278469
41afa08a
4186fb28
41cc5d9e
41f888d5
42449dc6
422388aa
43118dc7
411572e6
42298a4e
4144a819
4072a507
00000000
407d5b10
43017273
00000000
00000000
00000000
4104ae62
00000000
41089314
429955e1
00000000
00000000
00000000
00000000
00000000
00000000
00000000
00000000
00000000
00000000
00000000
00000000
00000000
00000000
00000000
00000000
00000000
00000000
00000000
00000000
00000000
00000000
00000000
00000000
00000000
00000000
00000000
00000000
00000000
00000000
00000000
00000000
00000000
00000000
00000000
00000000
00000000
00000000
00000000
00000000
00000000
00000000
00000000
00000000
00000000
00000000
00000000
00000000
00000000
00000000
00000000
00000000
00000000
00000000
00000000
00000000
00000000
00000000
00000000
00000000
00000000
00000000
433a225a
43157a4c
437914ee
430d868c
429f48a1
42404bd2
00000000
42e4b2ae
00000000
00000000
00000000
00000000
00000000
00000000
430cacbd
42f50e18
00000000
421c9d6f
00000000
00000000
00000000
4354b62f
429fe6b6
00000000
414d0727
00000000
00000000
00000000
43245f0b
00000000
00000000
00000000
00000000
00000000
00000000
429a2963
00000000
00000000
00000000
00000000
00000000
00000000
00000000
00000000
00000000
00000000
00000000
3ffec434
00000000
42e19af3
00000000
00000000
00000000
00000000
00000000
00000000
418be50e
00000000
00000000
00000000
00000000
00000000
00000000
4313b3eb
00000000
00000000
00000000
00000000
00000000
00000000
4339077e
00000000
00000000
00000000
00000000
00000000
00000000
42885bc1
00000000
00000000
00000000
00000000
00000000
00000000
00000000
00000000
00000000
00000000
00000000
00000000
00000000
00000000
00000000
00000000
00000000
00000000
00000000
00000000
43888b91
411d8511
00000000
00000000
00000000
4207cfea
407272b9
436425dd
41547370
00000000
419249bd
3fd15ac4
42938def
42a411dc
4369abf5
00000000
00000000
00000000
00000000
41c5a667
3ff41cb8
435ff346
00000000
418caab4
00000000
00000000
41b21e91
40a1569c
4364be43
418d6445
41b26011
00000000
00000000
4001c666
00000000
43191a3c
00000000
00000000
00000000
00000000
00000000
00000000
00000000
00000000
00000000
00000000
00000000
00000000
00000000
432d4667
3f966e62
00000000
4103911d
41c814c8
00000000
40e3ea55
42d2c32f
00000000
00000000
422572e6
42a191b0
00000000
42abef1a
432bc9ac
4152bb20
00000000
00000000
00000000
00000000
00000000
430b046f
00000000
00000000
00000000
00000000
00000000
41b72b02
428271be
00000000
00000000
00000000
00000000
00000000
00000000
41f7dc68
00000000
00000000
00000000
00000000
00000000
00000000
00000000
00000000
00000000
00000000
00000000
00000000
00000000
00000000
00000000
00000000
00000000
00000000
00000000
00000000
00000000
00000000
00000000
00000000
00000000
00000000
00000000
00000000
00000000
00000000
00000000
00000000
00000000
00000000
4298836e
41d32187
424cb00b
42656944
41f33391
00000000
00000000
428473ba
419e83d1
42e664fc
42c3a430
4240963a
41d0c2e5
00000000
00000000
00000000
00000000
00000000
00000000
00000000
00000000
00000000
00000000
00000000
00000000
00000000
00000000
420ebd64
00000000
00000000
00000000
00000000
00000000
00000000
00000000
00000000
00000000
00000000
00000000
00000000
00000000
00000000
00000000
00000000
00000000
00000000
00000000
00000000
00000000
42845696
00000000
00000000
41e282d1
421de228
00000000
00000000
42a4f3a2
00000000
42f3979b
42bfa066
4283a13f
4073cfd2
4274f2d5
41e2f814
00000000
00000000
00000000
00000000
00000000
00000000
00000000
00000000
00000000
00000000
00000000
00000000
00000000
00000000
00000000
00000000
00000000
00000000
00000000
00000000
00000000
00000000
00000000
00000000
00000000
00000000
00000000
00000000
00000000
00000000
00000000
00000000
00000000
00000000
00000000
00000000
00000000
00000000
00000000
00000000
00000000
00000000
00000000
00000000
00000000
00000000
00000000
00000000
00000000
00000000
00000000
00000000
00000000
00000000
00000000
00000000
00000000
00000000
00000000
00000000
00000000
00000000
438b5e0b
00000000
00000000
00000000
00000000
00000000
00000000
434050a6
00000000
00000000
00000000
00000000
00000000
00000000
4327e767
00000000
00000000
00000000
00000000
00000000
00000000
42cc8ad8
00000000
00000000
00000000
00000000
00000000
00000000
430bea6e
00000000
00000000
00000000
3f1ac4c4
00000000
00000000
4200598f
00000000
00000000
00000000
00000000
00000000
00000000
00000000
00000000
00000000
00000000
00000000
00000000
00000000
4320996d
00000000
00000000
00000000
00000000
00000000
00000000
00000000
00000000
00000000
00000000
00000000
00000000
00000000
00000000
00000000
00000000
00000000
00000000
00000000
00000000
00000000
00000000
00000000
00000000
00000000
00000000
00000000
42df56cc
431f5196
4313e452
43130e3a
432b574f
4376ff7a
43290bae
43447243
4362fc69
430d1e9d
431cb8a5
4361ee54
43810e46
42a6b50f
415de134
00000000
00000000
00000000
00000000
00000000
00000000
4360da9f
00000000
00000000
00000000
00000000
00000000
00000000
42811115
00000000
00000000
00000000
00000000
00000000
00000000
00000000
00000000
00000000
00000000
00000000
00000000
00000000
404a342b
00000000
00000000
00000000
00000000
00000000
00000000
4283ba59
00000000
00000000
00000000
00000000
00000000
00000000
41c654dc
00000000
00000000
00000000
00000000
00000000
00000000
00000000
00000000
00000000
00000000
00000000
00000000
00000000
00000000
00000000
00000000
00000000
00000000
00000000
00000000
00000000
00000000
00000000
00000000
00000000
00000000
00000000
00000000
00000000
00000000
00000000
00000000
00000000
00000000
00000000
00000000
00000000
00000000
421eb845
00000000
00000000
00000000
00000000
00000000
00000000
00000000
432d0126
00000000
00000000
00000000
00000000
00000000
00000000
00000000
00000000
00000000
00000000
00000000
00000000
00000000
00000000
00000000
434994aa
4324be79
4328e870
431bf3c6
42c5c3ee
413db123
40d89ff0
431a6df1
42e62fc0
4310cc09
42b7a4fb
42938bc3
00000000
00000000
4364a2db
42e1838f
42ed1d2a
435296a3
4159587e
00000000
00000000
433de095
431ef9ee
430074fa
42b3bef4
00000000
00000000
00000000
430c16cd
42b42cae
00000000
00000000
00000000
415a99b9
4287de3b
00000000
00000000
00000000
00000000
00000000
00000000
00000000
00000000
00000000
00000000
00000000
00000000
00000000
00000000
4380bab0
00000000
00000000
42087852
4306606b
436d405e
432e7c1e
432b3a3b
00000000
00000000
42847e42
430e4ed3
4325487f
42af0040
438ab6fa
00000000
4267af92
4235d611
00000000
00000000
00000000
437ea7c2
42a41d5c
43290f04
426531a3
00000000
00000000
00000000
43332335
4268b44f
4348df43
42841f76
00000000
43334287
4334c665
00000000
00000000
00000000
00000000
42502e8a
42f9eadd
42d4f8bb
00000000
00000000
00000000
00000000
00000000
00000000
00000000
00000000
00000000
00000000
00000000
00000000
00000000
00000000
00000000
00000000
00000000
00000000
00000000
00000000
00000000
00000000
00000000
00000000
00000000
00000000
00000000
00000000
00000000
00000000
00000000
429492c4
00000000
00000000
00000000
00000000
00000000
00000000
42f27675
00000000
00000000
00000000
00000000
00000000
00000000
00000000
00000000
00000000
00000000
00000000
00000000
00000000
00000000
00000000
00000000
00000000
00000000
00000000
00000000
00000000
00000000
00000000
00000000
00000000
00000000
00000000
00000000
00000000
00000000
00000000
41cea399
00000000
00000000
00000000
00000000
00000000
00000000
42751677
00000000
00000000
00000000
00000000
00000000
00000000
428d7b14
00000000
00000000
00000000
00000000
00000000
00000000
421b8cc4
00000000
00000000
00000000
00000000
00000000
00000000
00000000
00000000
00000000
00000000
00000000
00000000
00000000
00000000
00000000
00000000
00000000
00000000
00000000
00000000
00000000
00000000
00000000
00000000
00000000
00000000
00000000
00000000
00000000
00000000
00000000
00000000
00000000
00000000
00000000
00000000
00000000
00000000
00000000
00000000
00000000
00000000
00000000
00000000
00000000
00000000
00000000
00000000
00000000
00000000
00000000
00000000
00000000
00000000
00000000
00000000
00000000
00000000
00000000
00000000
00000000
00000000
00000000
00000000
00000000
00000000
00000000
00000000
00000000
00000000
00000000
00000000
00000000
00000000
00000000
00000000
00000000
00000000
00000000
00000000
00000000
00000000
00000000
00000000
00000000
00000000
00000000
00000000
00000000
00000000
00000000
00000000
00000000
00000000
00000000
413e0513
00000000
00000000
00000000
00000000
00000000
00000000
00000000
00000000
00000000
00000000
00000000
00000000
00000000
00000000
00000000
00000000
00000000
00000000
00000000
00000000
00000000
00000000
414b2a87
00000000
00000000
00000000
00000000
00000000
00000000
43110ff6
4016ba57
429ecc8d
42050551
00000000
00000000
00000000
42901522
00000000
41328c15
00000000
42c60ff1
42fee017
42cac338
430be3d8
434bae7d
42b8872e
42b3c376
42c1ea08
42b4c530
00000000
42481e4f
00000000
00000000
00000000
00000000
00000000
00000000
00000000
00000000
00000000
00000000
00000000
00000000
00000000
00000000
00000000
00000000
00000000
00000000
00000000
00000000
421313f8
00000000
00000000
00000000
00000000
00000000
00000000
431b062d
00000000
00000000
00000000
00000000
00000000
00000000
00000000
00000000
00000000
00000000
00000000
00000000
00000000
41f3ed76
4261e231
42aad870
00000000
00000000
00000000
00000000
42470d75
42ccd871
00000000
00000000
00000000
00000000
41a74786
00000000
00000000
00000000
00000000
00000000
00000000
00000000
00000000
00000000
00000000
00000000
00000000
00000000
00000000
00000000
00000000
00000000
00000000
00000000
00000000
00000000
4349c2bc
43138b32
00000000
00000000
41f52384
00000000
00000000
436be502
00000000
00000000
428d98a1
42639024
00000000
00000000
41cce3f4
00000000
00000000
435729d1
42797700
00000000
00000000
00000000
00000000
00000000
00000000
00000000
00000000
00000000
00000000
00000000
00000000
00000000
00000000
00000000
00000000
42f55853
00000000
00000000
00000000
00000000
00000000
00000000
4266677c
40367b10
00000000
415560f6
41e26db3
00000000
00000000
431d7e1a
42157682
420cc825
42249a39
408ec877
41a4bd28
41231f95
430ff9ca
4224b666
00000000
4187d8bf
41bf40c4
00000000
3fe7ee3f
4319a970
405ab340
42a98a78
42309158
00000000
00000000
00000000
42d8612f
00000000
00000000
00000000
00000000
00000000
00000000
00000000
00000000
00000000
00000000
00000000
00000000
00000000
4033c9db
00000000
00000000
00000000
00000000
00000000
00000000
42b1034f
4222ea7b
00000000
00000000
00000000
00000000
00000000
43032ccd
42c14ca3
42372994
00000000
00000000
00000000
00000000
42e3b544
42d620d0
00000000
00000000
00000000
00000000
00000000
42cdaa0c
00000000
00000000
00000000
00000000
00000000
00000000
00000000
00000000
00000000
00000000
00000000
00000000
00000000
00000000
00000000
00000000
00000000
00000000
00000000
00000000
42fc2a5d
00000000
00000000
00000000
00000000
41c01dac
00000000
42966b6b
425292d7
43059b31
42659ca5
4223ddc6
4127bc3f
4360f158
434c8250
42f0d114
42e79fe4
41f6112c
422864ad
00000000
4349ee45
43421488
425d3b75
426ac8a9
428c4c01
4142fed6
4126bba2
4347d8a4
428ce910
40b49fc0
43229755
4338bfd9
42cd7d49
42ff1b7b
4316e203
42bdb4be
42f2f2e6
4324e9d7
435bb346
4333991f
433a0eaa
42f1693b
00000000
00000000
00000000
00000000
00000000
00000000
00000000
433a68f4
42a3edb2
43750fb1
432ce1a2
00000000
00000000
00000000
432340e1
00000000
00000000
00000000
00000000
00000000
423649d8
41c7db4f
00000000
00000000
00000000
00000000
00000000
00000000
41116760
00000000
00000000
00000000
00000000
00000000
00000000
3df252c8
00000000
421becb3
00000000
00000000
00000000
00000000
00000000
00000000
00000000
00000000
00000000
00000000
00000000
00000000
00000000
00000000
00000000
00000000
00000000
00000000
00000000
00000000
00000000
00000000
00000000
00000000
00000000
00000000
00000000
00000000
00000000
00000000
00000000
00000000
00000000
00000000
00000000
00000000
00000000
00000000
00000000
00000000
00000000
00000000
00000000
00000000
40987fb7
415ca548
4306677e
00000000
00000000
00000000
00000000
00000000
00000000
42bd3d50
00000000
00000000
00000000
00000000
00000000
00000000
00000000
00000000
00000000
00000000
00000000
00000000
00000000
41b16db2
00000000
00000000
00000000
00000000
00000000
00000000
00000000
00000000
00000000
00000000
00000000
00000000
00000000
00000000
00000000
00000000
00000000
00000000
00000000
00000000
00000000
00000000
00000000
00000000
00000000
00000000
00000000
00000000
00000000
00000000
00000000
00000000
00000000
00000000
00000000
00000000
00000000
00000000
00000000
00000000
00000000
00000000
00000000
00000000
00000000
00000000
00000000
00000000
423b9fd5
00000000
00000000
00000000
00000000
00000000
00000000
00000000
00000000
00000000
00000000
00000000
00000000
00000000
00000000
00000000
00000000
00000000
00000000
00000000
00000000
00000000
00000000
00000000
00000000
00000000
00000000
00000000
42fa4a09
00000000
00000000
00000000
00000000
00000000
00000000
4240a197
00000000
00000000
00000000
00000000
00000000
00000000
00000000
00000000
00000000
00000000
00000000
00000000
00000000
42ad2d8c
00000000
00000000
00000000
00000000
00000000
00000000
00000000
00000000
00000000
00000000
00000000
00000000
00000000
00000000
00000000
00000000
00000000
00000000
00000000
00000000
00000000
00000000
00000000
00000000
00000000
00000000
00000000
43096a73
00000000
00000000
00000000
00000000
00000000
00000000
41fbe55d
00000000
00000000
00000000
00000000
00000000
00000000
00000000
00000000
00000000
00000000
00000000
00000000
00000000
43608c47
00000000
00000000
00000000
00000000
00000000
00000000
42958f4a
00000000
00000000
00000000
00000000
00000000
00000000
42d6c6ac
00000000
00000000
00000000
00000000
00000000
00000000
4311b0d5
41be1b2b
00000000
00000000
00000000
00000000
00000000
4331c18d
417c33c7
00000000
00000000
00000000
00000000
00000000
4305d2d9
00000000
00000000
00000000
00000000
00000000
00000000
00000000
00000000
00000000
00000000
00000000
00000000
00000000
00000000
00000000
00000000
00000000
00000000
00000000
00000000
00000000
00000000
00000000
00000000
00000000
00000000
00000000
00000000
00000000
00000000
417c6ac9
00000000
00000000
00000000
00000000
00000000
405063dc
42f4d292
42c113de
00000000
00000000
00000000
00000000
00000000
43c5eda2
4397a6ad
00000000
00000000
00000000
00000000
00000000
434e197d
42da7341
00000000
00000000
00000000
00000000
00000000
00000000
00000000
00000000
00000000
4391c64d
43a11d49
4373eb26
432db59b
00000000
4316a92b
4193c3f3
438e3135
43386857
42a693f9
00000000
00000000
00000000
00000000
43270642
00000000
41d4ece9
00000000
00000000
00000000
00000000
432696cd
42745e1e
41426234
00000000
00000000
00000000
00000000
4310e822
41756a71
00000000
00000000
00000000
00000000
00000000
428c10f0
00000000
00000000
00000000
00000000
00000000
00000000
00000000
00000000
00000000
00000000
00000000
00000000
00000000
43668c6a
413cd241
42c31924
42d8682f
42dae9ef
42dc792d
41e1bc20
432e0fac
423847ae
43077dfc
42fc5c17
4305b9ba
431c7683
4306b9f3
430a643e
41899979
4270a852
42b6cb8a
42c40776
4034d681
00000000
432500f2
42a70533
4298f835
42da5060
42e98b8a
42ef96c7
42ea32c6
43643ee1
425277d3
424cff07
42c83654
430ab012
431e0daa
42fc179e
42de6bf0
00000000
00000000
00000000
00000000
00000000
00000000
00000000
00000000
00000000
00000000
00000000
00000000
4193431f
425ef336
00000000
00000000
00000000
00000000
00000000
00000000
00000000
00000000
00000000
00000000
00000000
00000000
00000000
00000000
00000000
00000000
00000000
00000000
00000000
00000000
42621376
00000000
41a086fa
431bcfb3
42d1641e
00000000
00000000
00000000
00000000
00000000
00000000
00000000
00000000
00000000
00000000
00000000
00000000
00000000
00000000
00000000
00000000
00000000
00000000
00000000
00000000
00000000
00000000
00000000
00000000
00000000
00000000
00000000
00000000
00000000
00000000
00000000
00000000
00000000
00000000
00000000
00000000
00000000
00000000
00000000
00000000
00000000
00000000
00000000
00000000
431d8f53
00000000
00000000
00000000
00000000
00000000
00000000
4384048b
00000000
00000000
00000000
00000000
00000000
00000000
426898f2
00000000
00000000
00000000
00000000
00000000
00000000
00000000
00000000
00000000
00000000
00000000
00000000
00000000
433e8e70
00000000
00000000
00000000
00000000
43a382d2
43720c57
41c1645c
00000000
00000000
00000000
00000000
42a5827f
00000000
00000000
00000000
00000000
00000000
00000000
00000000
00000000
00000000
00000000
00000000
426f660f
00000000
00000000
00000000
00000000
00000000
00000000
00000000
00000000
00000000
40f464a3
00000000
00000000
00000000
00000000
00000000
00000000
00000000
00000000
00000000
00000000
00000000
00000000
00000000
00000000
00000000
00000000
00000000
00000000
00000000
00000000
00000000
42b49807
417641da
00000000
00000000
00000000
00000000
00000000
433e7612
00000000
00000000
00000000
00000000
00000000
00000000
43430788
41a8be4e
00000000
00000000
00000000
4008d6fa
00000000
4358a56e
40d90cff
00000000
00000000
00000000
41196f17
42029f2c
431085fa
00000000
00000000
00000000
00000000
00000000
00000000
00000000
00000000
00000000
00000000
00000000
00000000
00000000
4238a5a4
00000000
00000000
00000000
00000000
00000000
00000000
42a4a131
00000000
00000000
00000000
00000000
00000000
00000000
431dc861
420da9e7
42bcb17e
42735bce
42d4bb12
431c69cd
42c45907
42bdf67e
41d6d0b9
418a4e79
420c218b
42cb11b3
429ba504
42d0b44d
42c0d31e
00000000
41dcde55
422a385c
42804517
41d1f811
42821c1d
422f1d57
00000000
00000000
00000000
00000000
00000000
00000000
00000000
00000000
00000000
00000000
00000000
00000000
00000000
00000000
00000000
00000000
00000000
00000000
00000000
00000000
00000000
00000000
00000000
00000000
00000000
00000000
00000000
42c10feb
00000000
00000000
00000000
00000000
00000000
00000000
432d5a5f
4291f75f
4004d054
40a5389c
414d7a2e
00000000
00000000
43226ed0
3faf0ad9
00000000
00000000
00000000
00000000
00000000
42ee5167
00000000
00000000
00000000
00000000
00000000
00000000
00000000
00000000
00000000
00000000
00000000
00000000
00000000
433f9830
00000000
00000000
00000000
00000000
00000000
00000000
4301c34e
00000000
00000000
00000000
00000000
00000000
00000000
43256f83
00000000
00000000
00000000
00000000
00000000
00000000
4327df3a
00000000
00000000
00000000
00000000
00000000
00000000
43069653
00000000
00000000
00000000
00000000
00000000
00000000
420e60a0
00000000
00000000
00000000
00000000
00000000
00000000
00000000
00000000
00000000
00000000
00000000
00000000
00000000
00000000
00000000
00000000
00000000
00000000
00000000
00000000
00000000
00000000
00000000
00000000
00000000
00000000
00000000
42cea13e
00000000
00000000
40633444
00000000
00000000
00000000
42ef0d62
00000000
00000000
00000000
00000000
00000000
00000000
42e5f3e5
00000000
00000000
00000000
00000000
00000000
00000000
414df621
00000000
00000000
00000000
00000000
00000000
00000000
00000000
00000000
00000000
00000000
00000000
00000000
00000000
00000000
00000000
00000000
00000000
00000000
00000000
00000000
4257a492
00000000
00000000
00000000
00000000
00000000
00000000
42da7bc6
00000000
00000000
00000000
00000000
00000000
00000000
42e455cb
00000000
00000000
00000000
00000000
00000000
00000000
42d73f9b
00000000
00000000
00000000
00000000
00000000
00000000
4222858f
00000000
00000000
00000000
00000000
00000000
00000000
00000000
00000000
00000000
00000000
00000000
00000000
00000000
42c450ee
00000000
4209d8ae
422e6464
422c5a23
00000000
00000000
4283e4c6
43113084
4188f58c
42528319
41923820
00000000
00000000
42d78b78
42890ac4
00000000
00000000
00000000
00000000
00000000
42908d95
00000000
00000000
42e399cd
42fe83ae
00000000
00000000
00000000
00000000
00000000
417d251e
00000000
00000000
00000000
00000000
00000000
00000000
00000000
00000000
00000000
00000000
00000000
00000000
00000000
00000000
00000000
00000000
00000000
430ad5ed
00000000
00000000
00000000
00000000
00000000
00000000
4283887e
00000000
00000000
00000000
00000000
00000000
00000000
42883c9e
00000000
00000000
00000000
00000000
00000000
00000000
431727a4
00000000
00000000
00000000
00000000
00000000
00000000
4330cee3
00000000
00000000
00000000
00000000
00000000
00000000
43155c9e
00000000
00000000
00000000
00000000
00000000
00000000
00000000
00000000
00000000
00000000
00000000
00000000
00000000
00000000
00000000
00000000
00000000
00000000
00000000
00000000
00000000
00000000
00000000
00000000
00000000
00000000
00000000
00000000
00000000
00000000
00000000
00000000
00000000
00000000
00000000
00000000
00000000
00000000
00000000
00000000
00000000
00000000
00000000
00000000
00000000
00000000
00000000
00000000
00000000
00000000
00000000
00000000
00000000
00000000
00000000
00000000
00000000
00000000
00000000
00000000
00000000
00000000
00000000
00000000
00000000
00000000
00000000
00000000
00000000
00000000
00000000
00000000
00000000
00000000
00000000
00000000
00000000
00000000
00000000
00000000
00000000
00000000
00000000
00000000
00000000
00000000
00000000
00000000
00000000
00000000
422aab34
00000000
00000000
00000000
00000000
00000000
00000000
00000000
00000000
00000000
00000000
00000000
00000000
00000000
00000000
00000000
00000000
00000000
00000000
00000000
00000000
