00000000
438d3434
4399ead4
43b274a9
43bfd294
440283a4
44229522
00000000
00000000
00000000
00000000
00000000
00000000
00000000
00000000
00000000
00000000
00000000
00000000
00000000
00000000
00000000
00000000
00000000
00000000
00000000
00000000
00000000
00000000
00000000
00000000
00000000
00000000
00000000
00000000
00000000
00000000
00000000
00000000
00000000
00000000
00000000
00000000
00000000
00000000
00000000
00000000
00000000
00000000
4182757b
4362a61d
43313962
4391f64a
43738dfe
43adea1c
43cf8eb3
42568025
00000000
00000000
00000000
00000000
00000000
4332fe45
00000000
00000000
00000000
00000000
00000000
427f85d0
424108af
00000000
00000000
00000000
00000000
00000000
00000000
00000000
00000000
00000000
00000000
00000000
00000000
00000000
00000000
00000000
00000000
00000000
00000000
00000000
00000000
00000000
00000000
00000000
00000000
00000000
00000000
00000000
00000000
42fa89fb
42714d11
4295d6b9
43391255
43711e83
43063bbf
433ab3c6
41a3b139
00000000
00000000
00000000
00000000
00000000
42a3a777
00000000
00000000
00000000
00000000
00000000
00000000
00000000
00000000
00000000
00000000
00000000
00000000
00000000
00000000
00000000
00000000
00000000
00000000
00000000
00000000
00000000
00000000
00000000
00000000
00000000
00000000
00000000
00000000
00000000
00000000
00000000
00000000
00000000
00000000
00000000
00000000
408a754a
00000000
00000000
00000000
41ad1757
431c6b11
00000000
00000000
00000000
00000000
00000000
00000000
00000000
00000000
00000000
00000000
00000000
00000000
00000000
00000000
00000000
00000000
00000000
00000000
00000000
00000000
00000000
00000000
00000000
00000000
00000000
00000000
00000000
00000000
00000000
00000000
00000000
00000000
00000000
00000000
00000000
00000000
00000000
00000000
00000000
00000000
00000000
00000000
4346e81f
43c3a4cf
43db6a7a
43db3a49
43dc8f4d
44127bc5
447a2349
00000000
00000000
00000000
00000000
00000000
00000000
00000000
00000000
00000000
00000000
00000000
00000000
00000000
00000000
00000000
00000000
00000000
00000000
00000000
00000000
00000000
00000000
00000000
00000000
00000000
00000000
00000000
00000000
00000000
00000000
00000000
00000000
00000000
00000000
00000000
00000000
00000000
00000000
00000000
00000000
00000000
00000000
425558c5
430f313e
438fd6c2
433608f3
4290fd25
430e1ee8
43114fb5
00000000
00000000
00000000
00000000
00000000
00000000
00000000
00000000
00000000
00000000
00000000
00000000
00000000
00000000
00000000
00000000
00000000
00000000
00000000
00000000
41cb6d08
00000000
00000000
00000000
00000000
00000000
00000000
41b6184b
00000000
00000000
00000000
00000000
00000000
00000000
00000000
00000000
00000000
00000000
00000000
00000000
00000000
00000000
42102a88
437d910b
436a5ae0
43caff80
43c330a8
43f04382
44414dcc
00000000
00000000
00000000
00000000
00000000
00000000
00000000
00000000
00000000
00000000
00000000
00000000
00000000
00000000
3f37c1aa
00000000
00000000
00000000
00000000
00000000
00000000
00000000
00000000
00000000
00000000
00000000
00000000
00000000
00000000
00000000
00000000
00000000
00000000
00000000
00000000
00000000
00000000
00000000
00000000
00000000
00000000
00000000
00000000
00000000
00000000
00000000
00000000
4124d97d
435b3648
00000000
00000000
00000000
00000000
00000000
00000000
00000000
00000000
00000000
00000000
00000000
00000000
00000000
00000000
00000000
00000000
00000000
00000000
00000000
00000000
00000000
00000000
00000000
00000000
00000000
00000000
00000000
00000000
00000000
00000000
00000000
00000000
00000000
00000000
00000000
00000000
00000000
00000000
00000000
00000000
00000000
00000000
00000000
00000000
420f30d8
00000000
424db69e
425777da
4381128c
00000000
00000000
00000000
422e68dc
00000000
00000000
00000000
00000000
00000000
00000000
00000000
00000000
00000000
00000000
00000000
00000000
00000000
00000000
00000000
00000000
00000000
00000000
00000000
00000000
00000000
00000000
00000000
00000000
00000000
00000000
00000000
00000000
00000000
00000000
00000000
00000000
00000000
00000000
00000000
00000000
00000000
00000000
4300f2a7
43a56b8a
43aefaa6
43b333b8
43b59d97
43fabcb2
446afc3c
00000000
00000000
00000000
00000000
00000000
00000000
00000000
00000000
00000000
00000000
00000000
00000000
00000000
00000000
00000000
00000000
00000000
00000000
00000000
00000000
00000000
00000000
00000000
00000000
00000000
00000000
00000000
00000000
00000000
00000000
00000000
00000000
00000000
00000000
00000000
3fde10b9
00000000
00000000
00000000
00000000
00000000
00000000
42efc53e
43925d19
42f8dfc5
4268c9f1
43b0556c
43f61848
445e0a8b
00000000
00000000
00000000
00000000
00000000
00000000
00000000
00000000
00000000
00000000
00000000
00000000
00000000
00000000
00000000
00000000
00000000
00000000
00000000
00000000
00000000
00000000
00000000
00000000
00000000
00000000
00000000
00000000
00000000
00000000
00000000
00000000
00000000
00000000
00000000
00000000
00000000
00000000
00000000
00000000
00000000
00000000
4341cef5
43b185fd
4399c2df
42877c46
420097fd
43bc7848
443eca21
4263ce6a
00000000
00000000
4255ec6e
00000000
00000000
00000000
4219a884
00000000
00000000
3f8bbd96
00000000
00000000
00000000
4126f727
00000000
00000000
41d00422
00000000
00000000
00000000
42866154
00000000
41e457be
4205b337
42e7bea4
00000000
00000000
00000000
00000000
00000000
00000000
00000000
00000000
00000000
00000000
00000000
00000000
00000000
00000000
00000000
00000000
00000000
00000000
00000000
00000000
00000000
42d6cac4
43820a04
00000000
00000000
00000000
00000000
00000000
00000000
00000000
00000000
00000000
00000000
00000000
00000000
00000000
00000000
00000000
00000000
00000000
00000000
00000000
00000000
00000000
00000000
00000000
00000000
00000000
00000000
00000000
00000000
00000000
00000000
00000000
00000000
00000000
00000000
00000000
00000000
00000000
00000000
00000000
00000000
00000000
00000000
00000000
00000000
00000000
00000000
429caa8e
429f8441
438d19f7
00000000
00000000
00000000
00000000
00000000
00000000
00000000
00000000
00000000
00000000
00000000
00000000
00000000
417b839e
00000000
00000000
00000000
00000000
00000000
00000000
00000000
41becb15
00000000
00000000
00000000
00000000
42e260dd
42e3e64b
42a1e6e4
41f49ca7
00000000
00000000
3f7f2f25
42ed2111
431ded7d
00000000
00000000
00000000
00000000
00000000
00000000
00000000
00000000
4286cd49
4276c758
4296579f
42a60263
4336fbab
440167f9
00000000
00000000
00000000
00000000
00000000
00000000
00000000
00000000
00000000
00000000
00000000
00000000
00000000
00000000
00000000
00000000
00000000
00000000
00000000
00000000
00000000
00000000
00000000
00000000
00000000
00000000
00000000
00000000
00000000
00000000
00000000
00000000
00000000
00000000
00000000
00000000
00000000
00000000
00000000
00000000
00000000
00000000
00000000
430364c1
437c3997
434e7b73
438c696f
438bd56e
43ffa1c9
00000000
00000000
00000000
00000000
00000000
00000000
00000000
00000000
00000000
00000000
00000000
00000000
00000000
00000000
00000000
00000000
00000000
00000000
00000000
00000000
00000000
00000000
00000000
00000000
00000000
00000000
00000000
4271a210
00000000
00000000
00000000
00000000
00000000
00000000
42c7e099
00000000
00000000
00000000
00000000
00000000
00000000
00000000
00000000
42212934
42ef7fb1
42d26771
438de476
4398b8f2
43b2082e
00000000
00000000
00000000
00000000
00000000
00000000
42bfee97
00000000
00000000
00000000
00000000
00000000
00000000
00000000
00000000
425f51be
00000000
00000000
00000000
00000000
00000000
00000000
00000000
00000000
00000000
00000000
42d9690e
00000000
00000000
00000000
00000000
00000000
00000000
00000000
42406398
00000000
00000000
00000000
00000000
00000000
00000000
00000000
4276379b
00000000
00000000
42d0c74c
43492ef3
4384876c
4383d0fb
00000000
00000000
00000000
00000000
00000000
42f89dad
430ff9f1
00000000
00000000
00000000
00000000
00000000
00000000
00000000
00000000
00000000
00000000
00000000
00000000
00000000
00000000
00000000
00000000
00000000
00000000
00000000
422fb527
00000000
00000000
00000000
00000000
00000000
00000000
42861a6f
418a58a4
418932cd
00000000
00000000
00000000
00000000
00000000
00000000
4346f28e
43be08a9
43bafccc
43cd2f50
43e00637
43d03dc3
4430990d
424492a0
00000000
00000000
00000000
00000000
00000000
00000000
42111320
00000000
00000000
00000000
00000000
00000000
00000000
00000000
00000000
42397dc7
00000000
00000000
00000000
00000000
00000000
00000000
428ffe44
00000000
00000000
00000000
00000000
00000000
00000000
00000000
00000000
00000000
00000000
00000000
00000000
00000000
00000000
00000000
00000000
00000000
00000000
00000000
4386591e
43e1cac4
43bd9742
4393055e
43f0eb82
4485e23b
00000000
00000000
00000000
00000000
00000000
00000000
00000000
00000000
00000000
00000000
00000000
00000000
00000000
00000000
00000000
00000000
00000000
00000000
00000000
00000000
00000000
00000000
00000000
00000000
00000000
00000000
00000000
00000000
00000000
00000000
00000000
00000000
00000000
00000000
00000000
00000000
00000000
00000000
00000000
00000000
00000000
00000000
4329f765
43b1199c
438caab0
42719f93
42748040
43c81027
445b6dbd
424bc615
00000000
00000000
00000000
00000000
00000000
00000000
418ee62a
00000000
00000000
00000000
00000000
00000000
00000000
00000000
00000000
00000000
40af06ed
00000000
00000000
00000000
4283589b
00000000
00000000
00000000
41409b95
00000000
00000000
00000000
00000000
00000000
00000000
00000000
00000000
00000000
00000000
00000000
00000000
00000000
00000000
00000000
00000000
434150b0
43bfbad7
43c2488f
43d0bfde
43e46c28
4392e076
44046ccd
42613741
00000000
00000000
00000000
00000000
00000000
00000000
41656c5c
00000000
00000000
00000000
00000000
00000000
00000000
409fea3e
00000000
00000000
00000000
4286de18
00000000
00000000
3ffb3ec4
00000000
00000000
00000000
424ca54f
00000000
4225cc77
00000000
00000000
00000000
00000000
00000000
00000000
00000000
00000000
00000000
00000000
00000000
00000000
00000000
00000000
42e87b3f
4375bc4f
431574e2
4328593d
43909228
43babf3a
444c55c0
00000000
00000000
00000000
00000000
00000000
00000000
00000000
4167c01d
00000000
00000000
00000000
00000000
00000000
00000000
00000000
00000000
00000000
00000000
00000000
422bdc67
428eb161
431fb171
4277e60a
00000000
00000000
00000000
4128967e
42d5166a
00000000
00000000
00000000
00000000
00000000
00000000
42536943
00000000
00000000
00000000
00000000
00000000
00000000
00000000
418341d5
4165a79c
4387b6db
431dde3d
431f0679
43b1abdb
445c7c20
435ec13b
00000000
00000000
00000000
00000000
00000000
00000000
43803cbf
435360af
00000000
00000000
00000000
00000000
00000000
00000000
00000000
00000000
00000000
00000000
00000000
00000000
00000000
00000000
41eadc00
00000000
00000000
00000000
00000000
4188b0fa
00000000
00000000
00000000
00000000
00000000
00000000
00000000
00000000
00000000
00000000
00000000
00000000
00000000
4236f6c6
434f0bce
4355eefb
43a04f63
438a473d
00000000
441be19f
00000000
00000000
00000000
00000000
00000000
00000000
00000000
42efac88
00000000
00000000
00000000
00000000
00000000
00000000
401a047e
00000000
00000000
00000000
00000000
00000000
00000000
00000000
00000000
42c122e9
42a84502
00000000
00000000
00000000
00000000
00000000
00000000
00000000
00000000
00000000
00000000
00000000
00000000
00000000
00000000
00000000
00000000
00000000
00000000
428df3ce
42ea5727
43893594
4380ada4
435f82ca
43b76741
00000000
00000000
00000000
00000000
00000000
00000000
00000000
00000000
00000000
00000000
00000000
00000000
00000000
00000000
00000000
00000000
00000000
00000000
00000000
00000000
00000000
00000000
00000000
00000000
00000000
00000000
00000000
00000000
00000000
00000000
00000000
00000000
00000000
00000000
00000000
00000000
00000000
00000000
00000000
00000000
00000000
00000000
00000000
00000000
00000000
00000000
432d9d2a
43919208
4433a79b
439a2d24
43852fc8
00000000
00000000
00000000
00000000
00000000
4111a9c7
42ac19c8
428d6d39
00000000
00000000
00000000
00000000
00000000
00000000
00000000
00000000
00000000
00000000
00000000
00000000
00000000
00000000
00000000
00000000
00000000
00000000
00000000
00000000
00000000
00000000
00000000
00000000
41aaf3be
00000000
00000000
00000000
00000000
00000000
00000000
00000000
00000000
00000000
00000000
00000000
00000000
00000000
44067416
42f268d0
00000000
00000000
00000000
00000000
00000000
00000000
4295a9e9
424f2709
00000000
00000000
00000000
00000000
00000000
4253b9b2
00000000
00000000
00000000
00000000
00000000
00000000
3fa429e0
00000000
00000000
00000000
00000000
00000000
00000000
43346f96
00000000
00000000
00000000
00000000
00000000
00000000
00000000
00000000
00000000
00000000
00000000
00000000
00000000
43093957
00000000
43643f85
439e7f6d
439d23df
42a80f2d
42c35d6e
41fe64f7
00000000
00000000
00000000
00000000
4398eb93
43450f5f
00000000
00000000
00000000
00000000
00000000
00000000
4250345c
00000000
00000000
00000000
00000000
00000000
40dd81df
00000000
00000000
00000000
00000000
4297d43b
00000000
439f3416
43a2814a
00000000
00000000
00000000
00000000
00000000
00000000
436d3608
00000000
00000000
00000000
00000000
00000000
00000000
00000000
433cbd20
43c3e362
43aacfaf
439aa779
4391d854
437ca11b
4415abd6
00000000
00000000
00000000
00000000
00000000
00000000
00000000
00000000
00000000
00000000
00000000
00000000
00000000
00000000
00000000
00000000
00000000
00000000
00000000
42854f74
41e45674
420feec8
00000000
00000000
00000000
00000000
00000000
3e3ad5b2
00000000
00000000
00000000
00000000
00000000
00000000
00000000
00000000
00000000
00000000
00000000
00000000
00000000
00000000
4352e329
43afbe6b
431c6dac
4396037f
43c6a73e
43d543ac
448393d9
00000000
00000000
00000000
00000000
00000000
00000000
00000000
00000000
00000000
00000000
00000000
00000000
00000000
00000000
00000000
00000000
00000000
00000000
00000000
00000000
00000000
00000000
00000000
00000000
00000000
00000000
00000000
00000000
00000000
00000000
00000000
00000000
00000000
00000000
00000000
00000000
00000000
00000000
00000000
00000000
00000000
00000000
00000000
426dcf4b
00000000
423301bb
4326af5e
43f5d321
44868056
00000000
00000000
00000000
00000000
00000000
00000000
00000000
00000000
00000000
00000000
00000000
00000000
00000000
00000000
00000000
00000000
00000000
00000000
00000000
00000000
00000000
00000000
00000000
00000000
00000000
421a3ed6
4096c318
00000000
00000000
00000000
00000000
00000000
00000000
00000000
00000000
00000000
00000000
00000000
00000000
00000000
00000000
00000000
00000000
43325ff4
430bc893
438e0716
43922ab1
4381632d
43b67f79
00000000
00000000
00000000
00000000
00000000
00000000
00000000
412f1900
00000000
00000000
00000000
00000000
00000000
00000000
00000000
00000000
00000000
00000000
00000000
00000000
00000000
00000000
00000000
00000000
00000000
00000000
00000000
00000000
00000000
00000000
00000000
00000000
00000000
00000000
00000000
00000000
00000000
00000000
00000000
00000000
00000000
00000000
00000000
00000000
00000000
434078ed
433cbfd4
429d8fe7
4387bd34
00000000
00000000
00000000
00000000
00000000
00000000
00000000
00000000
00000000
00000000
00000000
00000000
00000000
417cd558
00000000
00000000
00000000
00000000
00000000
00000000
42443c3a
00000000
00000000
00000000
00000000
00000000
00000000
3fc227d6
00000000
00000000
00000000
00000000
00000000
00000000
00000000
00000000
00000000
00000000
00000000
00000000
00000000
00000000
42bc2ae3
43878d50
435878aa
41c26aa5
00000000
43e95f6a
44856e31
00000000
00000000
00000000
00000000
00000000
00000000
00000000
421c8534
00000000
4251ffc9
00000000
00000000
00000000
00000000
00000000
00000000
430427d2
42695a75
00000000
00000000
00000000
00000000
00000000
433316e0
00000000
00000000
00000000
00000000
00000000
00000000
419c9eb4
00000000
00000000
00000000
00000000
00000000
00000000
00000000
00000000
00000000
00000000
00000000
434a135d
434b56a9
430d18cd
434e94df
436c74de
4408748c
43b7570a
42eac3c4
432063cc
00000000
00000000
00000000
00000000
42fe4b2c
00000000
00000000
00000000
00000000
00000000
00000000
00000000
00000000
00000000
00000000
00000000
00000000
00000000
416a5cf1
00000000
00000000
00000000
00000000
00000000
00000000
421470a0
00000000
00000000
00000000
00000000
00000000
00000000
00000000
00000000
00000000
00000000
00000000
00000000
00000000
00000000
41d2ff7d
00000000
00000000
00000000
00000000
40820f4d
431c7d12
00000000
00000000
00000000
00000000
00000000
00000000
00000000
00000000
00000000
00000000
00000000
00000000
00000000
00000000
00000000
00000000
00000000
00000000
00000000
00000000
00000000
00000000
00000000
00000000
00000000
00000000
42d539d0
00000000
00000000
00000000
00000000
00000000
00000000
00000000
00000000
00000000
00000000
00000000
00000000
00000000
00000000
00000000
41fe4662
433376aa
43b67013
43c9da92
43a1c1c8
4409695a
4456246a
00000000
00000000
00000000
00000000
00000000
00000000
4280d1ca
00000000
00000000
00000000
00000000
00000000
00000000
00000000
00000000
00000000
42e90468
00000000
00000000
00000000
00000000
00000000
00000000
00000000
00000000
00000000
00000000
00000000
00000000
00000000
00000000
00000000
00000000
00000000
00000000
00000000
00000000
00000000
00000000
00000000
00000000
00000000
00000000
00000000
4385533b
43a21e55
434c0a52
439734d2
4417117c
00000000
00000000
00000000
00000000
00000000
00000000
00000000
00000000
00000000
00000000
00000000
00000000
00000000
00000000
422aa239
00000000
00000000
00000000
00000000
00000000
00000000
43a1014a
00000000
00000000
00000000
00000000
00000000
00000000
42a6e00a
00000000
00000000
00000000
00000000
00000000
00000000
00000000
00000000
00000000
00000000
00000000
00000000
00000000
43377646
43728010
43ce3cef
440494f3
43c2d8eb
43debe57
43ccee0e
00000000
00000000
00000000
00000000
00000000
00000000
4034cb3b
00000000
00000000
00000000
00000000
00000000
00000000
00000000
00000000
00000000
00000000
42ec7fca
00000000
00000000
00000000
00000000
00000000
00000000
00000000
00000000
00000000
00000000
00000000
00000000
00000000
00000000
00000000
00000000
00000000
00000000
00000000
00000000
00000000
00000000
00000000
00000000
00000000
00000000
43520085
43bda934
43d80ff2
439ee442
43587009
4338df7d
428de06a
00000000
00000000
00000000
42e13ff9
42ebf43d
400ffd24
00000000
00000000
00000000
00000000
00000000
424b66f1
00000000
00000000
00000000
00000000
00000000
00000000
00000000
00000000
00000000
00000000
00000000
00000000
00000000
00000000
00000000
00000000
00000000
00000000
00000000
00000000
00000000
00000000
00000000
00000000
00000000
00000000
00000000
00000000
00000000
432b036e
4384ef4c
4373cd45
4350088f
429812f2
441ca7cd
00000000
00000000
00000000
00000000
00000000
00000000
00000000
00000000
00000000
00000000
00000000
00000000
00000000
00000000
00000000
00000000
00000000
00000000
00000000
00000000
00000000
00000000
00000000
00000000
00000000
00000000
00000000
00000000
00000000
00000000
00000000
00000000
00000000
00000000
00000000
00000000
00000000
00000000
00000000
00000000
00000000
00000000
00000000
4347a756
4336eb5b
434e3459
434cc84f
43d0e248
447380b5
00000000
00000000
00000000
00000000
00000000
00000000
00000000
00000000
00000000
00000000
00000000
00000000
00000000
00000000
00000000
00000000
00000000
00000000
00000000
00000000
00000000
00000000
00000000
00000000
00000000
00000000
00000000
00000000
00000000
00000000
00000000
00000000
00000000
00000000
00000000
00000000
00000000
00000000
00000000
00000000
00000000
00000000
00000000
00000000
00000000
00000000
41ce3577
42d1e494
43946a89
00000000
00000000
00000000
00000000
00000000
00000000
00000000
00000000
00000000
00000000
00000000
00000000
00000000
00000000
00000000
00000000
00000000
00000000
00000000
00000000
00000000
00000000
00000000
00000000
00000000
00000000
00000000
00000000
00000000
00000000
00000000
00000000
00000000
00000000
00000000
00000000
00000000
00000000
00000000
00000000
00000000
00000000
400b579f
42f39d35
43a3084b
43343597
43c0465c
44069f84
4483fe39
00000000
00000000
00000000
00000000
00000000
00000000
00000000
00000000
00000000
00000000
00000000
00000000
00000000
00000000
00000000
00000000
00000000
00000000
00000000
00000000
00000000
00000000
00000000
00000000
00000000
00000000
00000000
00000000
00000000
00000000
00000000
00000000
00000000
00000000
00000000
00000000
00000000
00000000
00000000
00000000
00000000
00000000
42020722
430e2fee
439ce7d5
4311913c
00000000
42d7ebd3
44329abb
00000000
00000000
00000000
00000000
00000000
00000000
00000000
00000000
00000000
00000000
00000000
00000000
00000000
00000000
00000000
00000000
00000000
00000000
00000000
00000000
00000000
00000000
00000000
00000000
00000000
00000000
00000000
00000000
00000000
00000000
00000000
00000000
00000000
00000000
00000000
00000000
00000000
00000000
00000000
00000000
00000000
00000000
00000000
42b25c59
42273c8f
422617bb
00000000
00000000
43a5eca5
00000000
00000000
00000000
00000000
00000000
00000000
00000000
00000000
00000000
00000000
00000000
00000000
00000000
00000000
00000000
00000000
00000000
00000000
00000000
00000000
00000000
00000000
00000000
00000000
00000000
00000000
00000000
00000000
00000000
00000000
00000000
00000000
00000000
00000000
00000000
00000000
00000000
00000000
00000000
00000000
00000000
00000000
00000000
423c1d2b
41f522c3
4267c6cb
4270c137
42b2403a
434ad8c6
00000000
00000000
00000000
00000000
00000000
00000000
00000000
00000000
00000000
00000000
00000000
00000000
00000000
00000000
00000000
00000000
00000000
00000000
00000000
00000000
00000000
00000000
00000000
00000000
00000000
00000000
00000000
00000000
00000000
00000000
00000000
00000000
00000000
00000000
00000000
00000000
00000000
00000000
00000000
00000000
00000000
00000000
4140ec22
439765d6
43bddd79
439d2073
43bc185f
43e35bc3
446d118f
00000000
00000000
00000000
00000000
00000000
00000000
00000000
00000000
00000000
00000000
00000000
00000000
00000000
00000000
00000000
00000000
00000000
00000000
00000000
00000000
00000000
00000000
00000000
00000000
00000000
00000000
00000000
00000000
00000000
00000000
00000000
00000000
00000000
00000000
00000000
00000000
00000000
00000000
00000000
00000000
00000000
00000000
43688c75
43ca89ca
440e6a8b
44114004
43c34259
43aa6917
446409e2
42d03123
00000000
00000000
00000000
00000000
00000000
00000000
00000000
00000000
00000000
00000000
00000000
00000000
00000000
00000000
00000000
00000000
00000000
00000000
00000000
00000000
00000000
00000000
00000000
00000000
00000000
00000000
00000000
00000000
00000000
00000000
00000000
00000000
00000000
00000000
00000000
00000000
00000000
00000000
00000000
00000000
00000000
