4354252e
00000000
00000000
00000000
00000000
00000000
00000000
42d2e073
427fb236
00000000
00000000
00000000
00000000
00000000
00000000
00000000
00000000
00000000
00000000
00000000
00000000
00000000
00000000
00000000
00000000
00000000
00000000
00000000
00000000
00000000
00000000
00000000
00000000
00000000
00000000
00000000
00000000
00000000
00000000
00000000
00000000
00000000
00000000
00000000
00000000
00000000
00000000
00000000
00000000
41c764ea
00000000
432d7e32
4347cbbb
00000000
00000000
00000000
00000000
00000000
3f32da48
00000000
00000000
00000000
00000000
00000000
4213f949
00000000
00000000
41545638
429de8ce
00000000
00000000
00000000
00000000
00000000
00000000
00000000
00000000
00000000
00000000
00000000
00000000
42e7cef3
42ba760e
00000000
00000000
00000000
00000000
00000000
41fd2cf0
00000000
00000000
00000000
00000000
00000000
00000000
00000000
00000000
00000000
00000000
00000000
40604653
425d6de8
42318e2d
00000000
42003870
00000000
00000000
00000000
00000000
42599a2f
42221c64
426e30e8
00000000
4262a513
00000000
00000000
00000000
00000000
41f5c7f8
00000000
00000000
00000000
00000000
00000000
00000000
42d9f488
00000000
00000000
00000000
00000000
00000000
00000000
00000000
00000000
00000000
00000000
00000000
00000000
00000000
00000000
00000000
00000000
00000000
4208a14a
41d34ad2
00000000
3d36fb7f
00000000
00000000
00000000
00000000
00000000
00000000
42ed82b2
00000000
00000000
00000000
00000000
00000000
00000000
42cf175c
00000000
00000000
00000000
00000000
00000000
00000000
421097e1
00000000
00000000
00000000
00000000
00000000
00000000
41fd4e97
00000000
00000000
00000000
00000000
00000000
00000000
41e08715
00000000
00000000
00000000
00000000
00000000
00000000
3e314a10
00000000
00000000
00000000
00000000
00000000
00000000
00000000
43e12db6
43687a9b
4304441e
42dd7438
42cf6f3d
42f22c60
00000000
43987ab6
4301e33b
00000000
00000000
00000000
00000000
00000000
42e67718
00000000
00000000
00000000
00000000
00000000
00000000
00000000
00000000
00000000
00000000
41ca3d62
414ef2ce
00000000
00000000
00000000
00000000
00000000
00000000
00000000
00000000
00000000
00000000
00000000
00000000
00000000
00000000
00000000
00000000
00000000
00000000
00000000
00000000
00000000
00000000
4242db1d
42fdaf59
00000000
42427e10
00000000
00000000
429944d3
00000000
00000000
00000000
00000000
00000000
00000000
43006d2c
00000000
00000000
00000000
00000000
00000000
00000000
420b7402
00000000
00000000
00000000
00000000
00000000
00000000
00000000
00000000
00000000
00000000
00000000
00000000
00000000
428707d3
00000000
00000000
00000000
00000000
00000000
00000000
42c6c19e
00000000
00000000
00000000
00000000
00000000
3fce2f51
42927ecf
4300ccfb
00000000
00000000
421cbc3c
42a55fe5
00000000
4265c2d9
00000000
00000000
00000000
3fab84c7
00000000
00000000
00000000
00000000
00000000
42d1cacd
428e61f6
00000000
00000000
00000000
00000000
00000000
00000000
00000000
00000000
00000000
00000000
00000000
00000000
41a36ffc
42936f00
00000000
00000000
00000000
00000000
00000000
42925b0f
415922d3
00000000
00000000
00000000
00000000
00000000
00000000
00000000
00000000
00000000
00000000
00000000
00000000
00000000
00000000
00000000
00000000
430a1ffb
00000000
00000000
00000000
00000000
00000000
00000000
42da21c9
00000000
00000000
00000000
00000000
00000000
00000000
4228832f
00000000
4147af0a
41f6b677
00000000
00000000
00000000
41e8f85f
00000000
00000000
00000000
00000000
00000000
00000000
4223c9e4
00000000
00000000
00000000
00000000
00000000
00000000
42945ae5
00000000
00000000
00000000
00000000
00000000
00000000
41d699c4
00000000
00000000
00000000
00000000
00000000
00000000
42966a14
00000000
00000000
00000000
40d620e3
00000000
00000000
425faef5
00000000
00000000
00000000
419a7908
00000000
00000000
00000000
00000000
00000000
42512e16
41e965dc
00000000
00000000
42626732
00000000
00000000
00000000
00000000
00000000
00000000
41255f2d
00000000
00000000
00000000
00000000
00000000
00000000
00000000
00000000
00000000
00000000
00000000
00000000
00000000
00000000
43c394b5
431ae348
42673fd2
426ba65b
42758a19
42a5ea9c
00000000
437a186b
430250f6
00000000
00000000
00000000
00000000
00000000
00000000
00000000
00000000
00000000
00000000
00000000
00000000
00000000
00000000
00000000
00000000
00000000
00000000
41ece9c2
00000000
00000000
00000000
00000000
00000000
00000000
00000000
00000000
00000000
00000000
00000000
00000000
00000000
421ebca1
00000000
00000000
00000000
00000000
00000000
42782e99
41a277a2
439384f8
00000000
00000000
40688d19
4300c9ae
4305b138
00000000
434751ec
00000000
00000000
428851b7
4377d4e9
434bf8c9
00000000
00000000
00000000
00000000
00000000
42f10fe7
42982f96
00000000
00000000
00000000
00000000
00000000
00000000
00000000
00000000
00000000
00000000
00000000
00000000
00000000
411c6af2
00000000
00000000
00000000
00000000
00000000
00000000
416ec2c1
00000000
00000000
00000000
00000000
00000000
00000000
00000000
00000000
43c3bb1f
42ea90ee
00000000
00000000
437e3365
43aabca6
425a378b
43940b3c
00000000
00000000
00000000
43d86f14
44034efb
00000000
4381c2b6
00000000
00000000
00000000
43a5f6ff
43a034f0
00000000
4383ee0a
00000000
00000000
00000000
43a321df
430f70b8
00000000
43795fd9
00000000
00000000
00000000
41cae3c2
43336a3a
00000000
43037027
00000000
43563e17
00000000
00000000
00000000
00000000
00000000
00000000
00000000
00000000
00000000
00000000
00000000
00000000
00000000
00000000
00000000
00000000
00000000
429cd46a
00000000
00000000
00000000
00000000
00000000
00000000
41dffb6c
00000000
00000000
00000000
00000000
00000000
00000000
00000000
00000000
00000000
00000000
00000000
00000000
00000000
00000000
00000000
00000000
00000000
00000000
00000000
42a0cb11
00000000
00000000
4131bd59
41f293a0
00000000
00000000
00000000
00000000
00000000
00000000
00000000
00000000
00000000
00000000
00000000
431a5c77
42c51511
00000000
00000000
41d13888
41d3b144
00000000
434a324c
429da438
00000000
42150248
414b4170
00000000
00000000
42ce1417
00000000
00000000
00000000
00000000
00000000
411b89ca
00000000
00000000
00000000
00000000
00000000
00000000
4231c0db
00000000
00000000
00000000
00000000
41d60fc1
40784af5
00000000
421fbe43
42b091a4
00000000
00000000
42c9167e
423b5ef6
42224d10
00000000
00000000
00000000
00000000
00000000
00000000
00000000
00000000
00000000
00000000
00000000
00000000
00000000
00000000
00000000
00000000
00000000
00000000
00000000
00000000
00000000
414ae21f
00000000
00000000
00000000
00000000
00000000
00000000
418c315d
00000000
00000000
00000000
41fcbd95
42951df6
00000000
00000000
00000000
00000000
00000000
41aa07d1
00000000
00000000
00000000
00000000
00000000
00000000
00000000
00000000
00000000
00000000
00000000
00000000
00000000
00000000
00000000
00000000
4312e2a1
4082594f
00000000
00000000
00000000
00000000
00000000
42c402f5
42e53564
00000000
41e765c3
42efaf54
00000000
00000000
42def166
00000000
00000000
00000000
00000000
00000000
00000000
42dba443
00000000
00000000
00000000
00000000
00000000
00000000
426cc91a
00000000
00000000
00000000
00000000
00000000
42b03861
425d8e8d
00000000
00000000
00000000
40a39ad5
4240c54d
422a6d8e
00000000
00000000
00000000
00000000
00000000
00000000
00000000
00000000
00000000
41e95db7
4293fee8
00000000
00000000
00000000
00000000
00000000
4324c568
42de453a
42958206
00000000
00000000
00000000
00000000
00000000
00000000
00000000
00000000
428abc35
00000000
41ad09f4
00000000
00000000
00000000
00000000
42009ce8
41ead234
00000000
419b5c7a
00000000
00000000
00000000
4200c3db
429a4a8c
00000000
00000000
00000000
00000000
00000000
4298b1de
00000000
00000000
00000000
00000000
00000000
00000000
41a19b8c
00000000
00000000
00000000
42550517
430d6773
42706018
41618680
00000000
4268873a
00000000
00000000
42b2912f
42b465f8
41c72431
00000000
4322f1cf
431b9035
00000000
00000000
00000000
42de7ce4
00000000
4320579e
432b105f
00000000
4257b0b2
00000000
42141a61
00000000
42d6b961
431b85e8
00000000
42d2591f
43287ab5
00000000
00000000
00000000
00000000
00000000
42946614
431849af
42b73506
424d2431
00000000
00000000
00000000
00000000
00000000
42f0a641
43c99de5
43300551
40aa69a6
425d9a06
4319ec99
4312d672
00000000
43975a4b
4283c4e3
00000000
42dfeb58
436719d6
43593071
00000000
4361e369
00000000
00000000
00000000
4396b609
4374225b
00000000
42a82846
00000000
00000000
00000000
4351b6af
43af3619
00000000
00000000
00000000
00000000
41c6cc72
438f230c
439fad59
00000000
00000000
421cc543
00000000
429b5bec
439df540
4218349e
00000000
00000000
00000000
00000000
00000000
00000000
00000000
00000000
43b0d60c
00000000
00000000
00000000
43038b60
42acd876
00000000
42f2bed1
42071432
00000000
00000000
00000000
00000000
00000000
00000000
00000000
00000000
00000000
00000000
00000000
00000000
00000000
00000000
00000000
00000000
00000000
00000000
00000000
00000000
00000000
40acc763
00000000
00000000
00000000
00000000
00000000
00000000
00000000
00000000
00000000
00000000
00000000
00000000
00000000
00000000
00000000
00000000
00000000
00000000
43bc77c3
429278df
00000000
00000000
4345e3f9
43a2325a
41f02b11
43a04d22
00000000
00000000
00000000
43e2b5f4
440a6f9c
00000000
438b55f2
00000000
00000000
00000000
439b39b2
43a34a2f
00000000
438ecd8c
00000000
00000000
00000000
43995f09
43356589
00000000
438a6c7b
00000000
00000000
00000000
00000000
43159467
00000000
43351a49
00000000
432905c2
00000000
00000000
00000000
00000000
00000000
00000000
00000000
00000000
00000000
00000000
00000000
43eb3d38
434875a2
42a40183
429b0c1a
00000000
00000000
42bf2c2c
43c60745
4365d0f9
426b7d50
41aa9d5a
00000000
00000000
00000000
43a32c6e
42c5d1bb
00000000
00000000
00000000
00000000
00000000
43a28bbb
42c31965
00000000
00000000
00000000
42d2a029
00000000
43a311c4
42c5ce18
00000000
00000000
4389b1c0
438b3f9a
00000000
43a3c879
42b94bc6
00000000
00000000
439bd03b
42b7efdf
00000000
42d87081
00000000
00000000
00000000
00000000
00000000
00000000
4280373a
418ce2a4
41473f76
43494895
438c368e
435687ca
00000000
00000000
00000000
00000000
4355543b
42ca41e3
4238d681
00000000
00000000
43140724
3fb23880
00000000
00000000
42bdb22a
00000000
00000000
00000000
00000000
00000000
00000000
408cec42
40715d3b
42a75ace
00000000
00000000
00000000
42c566eb
42398bde
41026c22
4294c31a
4161e1fe
00000000
00000000
428dfdfa
00000000
00000000
00000000
00000000
00000000
00000000
00000000
00000000
00000000
433abedf
41ec7063
00000000
4308eef6
42569069
421c104c
00000000
00000000
00000000
431912dd
4384e12a
42b9cafb
00000000
00000000
00000000
42849f25
00000000
00000000
00000000
00000000
00000000
00000000
00000000
00000000
41d6b333
00000000
00000000
00000000
00000000
00000000
42dc3edc
408c8234
00000000
00000000
00000000
00000000
00000000
4213d5a3
00000000
00000000
00000000
400a3ce3
00000000
00000000
00000000
00000000
00000000
00000000
00000000
43b9d8f6
42be5d0e
00000000
00000000
00000000
42846152
426c5eb7
43655d1c
410636e5
00000000
00000000
42ad83cd
42e04314
00000000
00000000
00000000
00000000
00000000
433c2a76
413c899e
00000000
40d17cf5
00000000
00000000
00000000
00000000
00000000
42aa0c46
00000000
00000000
00000000
42d6d776
00000000
00000000
411228fb
00000000
00000000
00000000
00000000
00000000
00000000
00000000
00000000
00000000
00000000
00000000
00000000
00000000
00000000
00000000
00000000
00000000
00000000
00000000
00000000
00000000
00000000
41ecaed2
00000000
00000000
00000000
00000000
00000000
00000000
00000000
00000000
00000000
00000000
00000000
4164818d
00000000
00000000
00000000
00000000
00000000
00000000
41157a37
00000000
00000000
00000000
00000000
00000000
00000000
420aba0f
00000000
00000000
41b771c8
00000000
00000000
00000000
00000000
00000000
00000000
00000000
00000000
00000000
00000000
00000000
00000000
00000000
00000000
00000000
00000000
00000000
00000000
431249a5
433378f5
4255c43e
410482e6
43205179
42c43c7d
00000000
3d0be9ea
4249fb0c
42ca70db
42b5cb67
00000000
00000000
00000000
00000000
408e12de
4307e248
436569d8
4319d162
00000000
00000000
42cf5b88
420e39c2
00000000
00000000
00000000
00000000
00000000
42c79e21
421ce13b
00000000
41f9507a
00000000
00000000
00000000
41e0459b
00000000
00000000
00000000
418cda9b
00000000
00000000
00000000
00000000
00000000
00000000
00000000
00000000
42fca723
00000000
42391c3c
422d8e8b
00000000
41a516bd
42314b56
42549364
00000000
42979df6
00000000
00000000
421d6566
42df2596
00000000
00000000
00000000
00000000
00000000
43272e54
432fb061
00000000
00000000
00000000
00000000
00000000
4338feaf
431c04c0
00000000
00000000
00000000
00000000
420e8fae
435ab253
4344c2cc
00000000
00000000
00000000
00000000
00000000
00000000
00000000
00000000
41e1e27b
422952cd
424b4f0f
4366cb8f
4365f99a
4271c21a
00000000
00000000
4289339e
00000000
00000000
00000000
4338c799
00000000
00000000
419b77c8
00000000
00000000
00000000
00000000
4196c0fb
00000000
42a042e4
413bf25a
00000000
00000000
00000000
3f734ae1
00000000
42ea9e1c
42cc51a4
00000000
00000000
00000000
00000000
00000000
00000000
00000000
00000000
4138e1cf
00000000
42b6a163
00000000
00000000
42360c9d
00000000
00000000
00000000
42890946
43c4e35a
42fd405d
423481d1
41b979df
00000000
00000000
00000000
43897d1b
432efdce
00000000
00000000
00000000
00000000
00000000
433323ee
00000000
00000000
00000000
00000000
00000000
00000000
00000000
00000000
00000000
00000000
00000000
00000000
00000000
00000000
419c1647
00000000
00000000
00000000
00000000
00000000
00000000
406ba1c2
00000000
00000000
00000000
00000000
00000000
00000000
00000000
00000000
00000000
00000000
00000000
00000000
4399ff69
420b6bbe
42f81c28
00000000
00000000
41b6b7c9
40c22eb5
430dc645
00000000
00000000
00000000
00000000
42fc298b
00000000
00000000
42366c0a
00000000
00000000
00000000
42cdd299
00000000
42faf133
00000000
00000000
00000000
00000000
00000000
00000000
43011c19
00000000
00000000
00000000
00000000
00000000
00000000
4297f350
00000000
00000000
00000000
00000000
00000000
00000000
00000000
00000000
00000000
00000000
00000000
4190d41d
00000000
42bfa0de
00000000
00000000
00000000
429af8a4
4292fa5f
00000000
00000000
00000000
00000000
42b04a38
431c5758
432665e4
00000000
00000000
00000000
4298db13
42d62622
42cf6127
41bc57ba
00000000
00000000
00000000
423fa05d
42adbd56
429e2db7
00000000
00000000
00000000
00000000
00000000
00000000
42c8fb7a
00000000
00000000
00000000
00000000
42a4b2e4
429366ae
00000000
4297c31c
00000000
00000000
00000000
40312618
00000000
00000000
00000000
00000000
42f46d8d
40900b45
423a2027
00000000
00000000
00000000
00000000
00000000
42492df8
00000000
00000000
40698a2e
00000000
00000000
4261c961
42627449
00000000
00000000
00000000
00000000
00000000
41ac52a0
41dc4605
00000000
00000000
00000000
00000000
00000000
00000000
00000000
00000000
00000000
00000000
00000000
00000000
00000000
41ab5d9a
00000000
00000000
00000000
00000000
00000000
00000000
00000000
00000000
00000000
00000000
00000000
00000000
00000000
00000000
00000000
00000000
00000000
00000000
42a4229e
00000000
00000000
00000000
00000000
00000000
00000000
41b8d051
00000000
00000000
00000000
3fc5edda
00000000
00000000
00000000
00000000
00000000
00000000
00000000
00000000
00000000
00000000
00000000
00000000
00000000
00000000
00000000
00000000
00000000
00000000
00000000
00000000
40f07a20
00000000
00000000
00000000
00000000
00000000
00000000
00000000
00000000
00000000
00000000
4371e4d7
42e82573
00000000
00000000
4275bbe2
43555996
00000000
438e9a1a
00000000
00000000
425ca35c
435b6352
43d72888
00000000
4353018b
00000000
00000000
428668f3
42c8565d
42967c30
00000000
4141077e
00000000
00000000
43039de9
41d38e00
43006c34
00000000
425816ee
00000000
00000000
4209c4cc
4361ac4a
43b5df2d
00000000
4304ed57
00000000
00000000
00000000
43b1318a
440c8afc
00000000
00000000
00000000
00000000
00000000
00000000
00000000
00000000
41638241
4103e844
422372a4
42a9883d
433fc9d4
432ca4cd
4365d012
4163569d
422ad3d0
42c73561
42ed7bfd
00000000
00000000
40a8c08f
00000000
00000000
42bd77bb
43839768
42bf3590
00000000
00000000
00000000
00000000
42ae27a2
4347986e
00000000
00000000
00000000
00000000
00000000
4114383a
42e5b084
00000000
00000000
00000000
00000000
00000000
00000000
00000000
00000000
00000000
42a429ea
00000000
00000000
00000000
00000000
00000000
00000000
41eedcd2
00000000
00000000
00000000
00000000
00000000
00000000
42e93129
00000000
00000000
00000000
00000000
00000000
00000000
430e735c
00000000
00000000
00000000
00000000
00000000
00000000
42aa602a
00000000
00000000
00000000
00000000
00000000
00000000
41756d94
00000000
00000000
00000000
00000000
00000000
42cef116
410ee2be
00000000
00000000
00000000
00000000
00000000
00000000
42fafab0
00000000
00000000
00000000
00000000
00000000
00000000
4262b94d
43023995
00000000
00000000
00000000
420ced14
420c40a3
00000000
42064dee
00000000
00000000
4248f507
42faa5d6
427f1671
00000000
00000000
00000000
00000000
00000000
00000000
00000000
00000000
00000000
00000000
00000000
00000000
42ba93e3
41882400
00000000
41f97669
42021a47
00000000
00000000
41bd5f59
00000000
00000000
422f6f32
41e2166e
00000000
00000000
00000000
40239d52
00000000
42626aba
41dc8e4c
00000000
00000000
00000000
00000000
00000000
42d904cd
00000000
00000000
00000000
00000000
00000000
00000000
431723c4
423a7f80
42acccc9
00000000
00000000
00000000
00000000
42a95b45
434dcfac
42d02840
00000000
00000000
00000000
00000000
42fce5e5
4335fdde
00000000
00000000
00000000
42509048
00000000
439c10ab
43399cb1
00000000
00000000
00000000
00000000
00000000
43396376
00000000
00000000
00000000
00000000
00000000
00000000
00000000
00000000
00000000
00000000
41890c8d
00000000
00000000
4319d04a
42c42624
42259946
42a223c9
00000000
425fc2e8
43112589
438e258f
00000000
426b203f
00000000
00000000
00000000
00000000
00000000
00000000
00000000
00000000
00000000
00000000
00000000
00000000
00000000
00000000
423b8e27
429c9c24
00000000
00000000
426559cc
00000000
00000000
00000000
42180d1a
42063e7b
00000000
4206bc2e
00000000
00000000
00000000
00000000
41af98c2
00000000
00000000
00000000
00000000
00000000
00000000
00000000
00000000
42549703
00000000
4236e277
423979aa
00000000
00000000
00000000
4317049b
4337c070
42ac3935
00000000
00000000
00000000
00000000
00000000
41b05ac4
41d23785
00000000
00000000
00000000
00000000
00000000
00000000
00000000
00000000
00000000
00000000
420ab0fe
00000000
00000000
00000000
00000000
00000000
00000000
00000000
00000000
00000000
00000000
00000000
00000000
00000000
41aa1227
00000000
00000000
00000000
00000000
00000000
00000000
41c12400
42cfd127
00000000
00000000
00000000
00000000
00000000
00000000
00000000
42f4554f
00000000
429052eb
430232d4
42a51e49
00000000
00000000
00000000
00000000
00000000
00000000
00000000
43071e33
00000000
00000000
00000000
00000000
00000000
00000000
42bf5423
00000000
00000000
00000000
00000000
00000000
41518ac4
00000000
00000000
00000000
00000000
00000000
00000000
424c2a87
40c88030
00000000
00000000
00000000
00000000
00000000
00000000
00000000
43aad8dc
4163c202
00000000
00000000
00000000
4175ccee
00000000
42fbbb8d
00000000
00000000
00000000
00000000
00000000
00000000
00000000
00000000
00000000
00000000
00000000
00000000
00000000
00000000
00000000
00000000
00000000
00000000
00000000
00000000
00000000
00000000
00000000
00000000
00000000
00000000
00000000
00000000
00000000
00000000
00000000
00000000
00000000
00000000
00000000
00000000
00000000
00000000
00000000
00000000
00000000
00000000
00000000
00000000
00000000
00000000
00000000
427c6e32
00000000
00000000
411468a0
00000000
00000000
00000000
40b46408
00000000
00000000
00000000
00000000
00000000
00000000
00000000
00000000
00000000
00000000
41424bd4
00000000
00000000
00000000
00000000
00000000
00000000
00000000
00000000
00000000
00000000
00000000
00000000
00000000
00000000
00000000
00000000
00000000
00000000
00000000
00000000
00000000
00000000
00000000
00000000
43555661
00000000
00000000
00000000
41a730ae
428a2c99
00000000
00000000
00000000
00000000
00000000
4265d249
42f7b159
00000000
00000000
00000000
00000000
00000000
00000000
419f14c6
00000000
00000000
00000000
00000000
00000000
00000000
00000000
00000000
00000000
00000000
00000000
00000000
00000000
00000000
00000000
00000000
00000000
00000000
00000000
00000000
00000000
00000000
00000000
00000000
00000000
00000000
00000000
00000000
00000000
43137996
00000000
00000000
00000000
00000000
427d81a1
00000000
00000000
41f51b8a
00000000
4295d411
4303f5f6
00000000
00000000
00000000
00000000
00000000
00000000
00000000
00000000
00000000
00000000
00000000
00000000
00000000
00000000
00000000
00000000
00000000
00000000
00000000
00000000
00000000
00000000
00000000
00000000
00000000
00000000
00000000
00000000
00000000
00000000
00000000
00000000
00000000
00000000
00000000
00000000
00000000
00000000
00000000
00000000
00000000
42869baf
42d2aaab
418edc27
00000000
00000000
00000000
00000000
41f23b25
4257bef2
00000000
00000000
00000000
00000000
00000000
00000000
3fd12e8f
00000000
00000000
00000000
00000000
42b2f9b6
00000000
41e8acb5
41f47057
00000000
00000000
00000000
41dcb7c5
00000000
42a38886
00000000
00000000
00000000
00000000
00000000
41d5b7eb
41c1c8a8
00000000
00000000
00000000
00000000
00000000
00000000
00000000
00000000
00000000
00000000
00000000
00000000
00000000
00000000
429b67fa
00000000
00000000
00000000
00000000
00000000
00000000
422288a1
00000000
00000000
00000000
00000000
00000000
00000000
00000000
00000000
00000000
00000000
00000000
00000000
00000000
3fe3fa42
00000000
00000000
00000000
00000000
00000000
00000000
418f8fb5
00000000
00000000
00000000
00000000
00000000
00000000
41fbf42b
00000000
00000000
00000000
00000000
00000000
00000000
418b3eb0
43964aff
417f3af3
00000000
00000000
00000000
42087505
00000000
43682fc1
43041d9c
00000000
00000000
40b59818
4315965a
00000000
43365cd0
4292dea9
00000000
00000000
00000000
00000000
00000000
4316b164
427bd25f
00000000
00000000
00000000
00000000
00000000
42487a08
00000000
00000000
00000000
00000000
00000000
00000000
417b0305
00000000
00000000
00000000
00000000
00000000
00000000
00000000
00000000
00000000
00000000
00000000
00000000
00000000
43e13c93
4353d262
4311304e
430f03be
42cad73c
42ada98e
00000000
43a8a74c
432a0627
00000000
00000000
4200f62a
00000000
00000000
42ff9c8a
00000000
00000000
00000000
00000000
00000000
00000000
00000000
00000000
00000000
00000000
00000000
00000000
00000000
00000000
00000000
00000000
00000000
00000000
00000000
00000000
00000000
00000000
00000000
00000000
00000000
00000000
00000000
00000000
00000000
00000000
00000000
00000000
00000000
00000000
