00000000
00000000
00000000
00000000
00000000
00000000
00000000
00000000
00000000
00000000
00000000
00000000
00000000
00000000
00000000
00000000
00000000
00000000
00000000
00000000
00000000
00000000
00000000
00000000
00000000
00000000
00000000
00000000
00000000
00000000
00000000
00000000
00000000
00000000
00000000
00000000
00000000
00000000
00000000
00000000
00000000
00000000
433188c9
42dc4b6c
42535091
430da74c
429a72cc
425452e7
41c78c76
00000000
00000000
00000000
00000000
00000000
00000000
00000000
00000000
00000000
00000000
00000000
00000000
00000000
00000000
00000000
00000000
00000000
00000000
00000000
00000000
00000000
00000000
00000000
00000000
00000000
00000000
00000000
00000000
00000000
00000000
00000000
00000000
00000000
00000000
00000000
00000000
00000000
00000000
00000000
00000000
00000000
00000000
430ba664
42d289b8
436e260e
43980a7b
42ec73f9
4287dd95
3db84d29
00000000
00000000
00000000
00000000
00000000
00000000
00000000
00000000
00000000
00000000
00000000
00000000
00000000
00000000
00000000
42368ece
00000000
00000000
00000000
00000000
00000000
00000000
42713d81
00000000
4159f18e
00000000
00000000
00000000
00000000
41898184
00000000
00000000
4310e1d4
427d239f
00000000
421a03cd
42c406b2
42d2630b
4347b484
436ccfd9
4339c422
00000000
43604b17
43749d15
438693ab
43972756
439e95d5
437f67e5
42093edb
00000000
00000000
00000000
00000000
00000000
00000000
00000000
00000000
00000000
00000000
00000000
00000000
00000000
41181f79
00000000
00000000
00000000
00000000
00000000
00000000
00000000
00000000
00000000
00000000
00000000
00000000
00000000
00000000
00000000
00000000
00000000
00000000
00000000
00000000
00000000
00000000
00000000
00000000
00000000
00000000
00000000
00000000
42d45fac
42d4f4fb
42c8a156
42885631
4232b7d4
428566bf
00000000
00000000
00000000
00000000
00000000
00000000
00000000
00000000
00000000
00000000
00000000
00000000
00000000
00000000
00000000
00000000
00000000
00000000
00000000
00000000
00000000
00000000
00000000
00000000
00000000
00000000
00000000
00000000
00000000
00000000
00000000
00000000
00000000
00000000
00000000
00000000
00000000
00000000
00000000
00000000
00000000
00000000
00000000
42f03ba1
42c0f320
42d0d393
42acaf44
429b8fdd
42c46dba
42188632
00000000
00000000
00000000
00000000
00000000
00000000
00000000
4293251e
00000000
00000000
00000000
00000000
00000000
00000000
42c24a67
426e32b7
00000000
00000000
00000000
00000000
00000000
00000000
00000000
00000000
00000000
00000000
00000000
00000000
00000000
00000000
00000000
00000000
00000000
00000000
00000000
00000000
00000000
400fdf4c
413d4c20
424aad03
401e2b8a
42959279
432a1a38
437b3dd1
43a0dc2f
438190ce
434f2d33
43781c02
43121634
00000000
00000000
00000000
00000000
00000000
00000000
00000000
00000000
00000000
00000000
00000000
00000000
00000000
00000000
00000000
00000000
00000000
00000000
00000000
00000000
00000000
00000000
00000000
00000000
00000000
00000000
00000000
00000000
00000000
00000000
00000000
00000000
00000000
00000000
00000000
00000000
00000000
00000000
00000000
00000000
00000000
00000000
439c72dd
43595698
4379b501
432ca574
431a1801
4317d5b9
423ea7b2
00000000
00000000
41a57aaa
425c1256
00000000
00000000
00000000
00000000
00000000
00000000
00000000
00000000
00000000
00000000
00000000
00000000
00000000
00000000
00000000
00000000
00000000
00000000
00000000
00000000
00000000
00000000
00000000
00000000
00000000
00000000
00000000
00000000
00000000
00000000
00000000
00000000
00000000
00000000
00000000
00000000
00000000
00000000
42e8b3a0
42f5424c
431bc9e2
430818ed
42eda6b3
43332b7d
42a19405
00000000
00000000
00000000
00000000
00000000
00000000
00000000
00000000
00000000
00000000
00000000
00000000
00000000
00000000
00000000
00000000
00000000
00000000
00000000
00000000
00000000
00000000
00000000
00000000
00000000
00000000
00000000
00000000
00000000
00000000
00000000
00000000
00000000
00000000
00000000
00000000
00000000
00000000
00000000
00000000
00000000
00000000
42ac8e90
42f663c9
4328f686
42b8f2ba
4297e81a
42bb83c9
00000000
00000000
00000000
00000000
00000000
00000000
00000000
00000000
00000000
00000000
00000000
00000000
00000000
00000000
00000000
00000000
00000000
00000000
00000000
00000000
00000000
00000000
00000000
422b26ad
00000000
00000000
423372ec
00000000
00000000
00000000
00000000
00000000
00000000
00000000
00000000
00000000
41862035
00000000
00000000
00000000
00000000
4299576e
00000000
42f3c78f
43498c31
43350d9f
432ffff0
4384f3d4
4372bb55
42ac5663
00000000
00000000
00000000
00000000
00000000
00000000
00000000
00000000
00000000
00000000
00000000
00000000
00000000
00000000
00000000
00000000
00000000
00000000
00000000
00000000
00000000
00000000
00000000
00000000
00000000
00000000
00000000
00000000
00000000
00000000
00000000
00000000
00000000
00000000
00000000
00000000
00000000
00000000
00000000
00000000
00000000
00000000
43233d96
42813981
42dbaecf
436ce6a9
434e6807
426eb09d
3f90b73d
00000000
00000000
00000000
00000000
00000000
00000000
00000000
00000000
00000000
00000000
00000000
00000000
00000000
00000000
00000000
00000000
00000000
00000000
00000000
00000000
00000000
00000000
00000000
00000000
00000000
00000000
00000000
00000000
00000000
00000000
00000000
00000000
00000000
00000000
00000000
00000000
00000000
00000000
00000000
00000000
00000000
00000000
43a4c1d8
438ca65c
438a7531
43a39451
42c04911
43537ff3
00000000
00000000
00000000
00000000
00000000
00000000
00000000
00000000
00000000
00000000
00000000
00000000
00000000
00000000
00000000
00000000
00000000
00000000
00000000
00000000
00000000
00000000
00000000
00000000
00000000
00000000
00000000
00000000
00000000
00000000
00000000
00000000
00000000
00000000
00000000
00000000
00000000
00000000
00000000
00000000
00000000
00000000
00000000
43492bf3
41914abe
432094f9
4322ceee
42ebf4bf
42c016ef
41dd0df0
00000000
00000000
00000000
00000000
00000000
00000000
00000000
00000000
00000000
00000000
00000000
00000000
00000000
00000000
00000000
00000000
00000000
00000000
00000000
00000000
00000000
43032e95
00000000
00000000
00000000
00000000
00000000
00000000
422015b1
00000000
00000000
00000000
00000000
00000000
00000000
00000000
00000000
00000000
00000000
00000000
00000000
00000000
42fcf2c4
42e5f7c8
430baff9
42e1fd9a
42d6f6f2
4281486c
428675b3
00000000
00000000
00000000
00000000
00000000
00000000
00000000
00000000
00000000
00000000
00000000
00000000
00000000
00000000
00000000
00000000
00000000
00000000
00000000
00000000
00000000
00000000
00000000
00000000
00000000
00000000
00000000
00000000
00000000
00000000
00000000
00000000
00000000
00000000
00000000
00000000
00000000
00000000
00000000
00000000
00000000
00000000
42dc2084
4322527d
43015628
43511f36
43018dc2
4307f398
41cf974f
00000000
00000000
00000000
00000000
00000000
00000000
00000000
00000000
00000000
00000000
00000000
00000000
00000000
00000000
00000000
00000000
00000000
00000000
00000000
00000000
00000000
00000000
00000000
00000000
00000000
00000000
00000000
00000000
00000000
00000000
00000000
00000000
00000000
00000000
00000000
00000000
00000000
00000000
00000000
00000000
00000000
00000000
433e53fc
43260658
437974e0
43934f85
43ca746f
43af19aa
432372f1
00000000
00000000
00000000
00000000
00000000
00000000
00000000
00000000
00000000
00000000
00000000
00000000
00000000
00000000
00000000
00000000
42008bb4
00000000
00000000
00000000
00000000
00000000
00000000
00000000
00000000
00000000
00000000
41e9ce08
00000000
00000000
00000000
00000000
00000000
00000000
40259e01
00000000
00000000
00000000
00000000
00000000
00000000
00000000
43358058
4381b3fd
432a304c
42cff977
4361622c
4174d968
42638402
00000000
41d18ff5
430224df
00000000
00000000
00000000
00000000
00000000
434b5b2b
43350f12
00000000
00000000
00000000
00000000
00000000
4316579e
4304f389
00000000
00000000
00000000
00000000
00000000
41a24810
427be58e
00000000
42ae3c1b
43184346
00000000
00000000
00000000
00000000
00000000
4316f679
4367ddb8
00000000
4197246f
00000000
00000000
00000000
00000000
00000000
00000000
4350757e
432565a7
431c0f75
42e80111
4300cc41
42e0bf38
429c372e
00000000
00000000
00000000
00000000
00000000
00000000
00000000
00000000
00000000
00000000
00000000
00000000
00000000
00000000
00000000
00000000
00000000
00000000
00000000
00000000
00000000
00000000
00000000
00000000
00000000
00000000
00000000
00000000
00000000
00000000
00000000
00000000
00000000
00000000
00000000
00000000
00000000
00000000
00000000
00000000
00000000
00000000
4386429f
43886caa
4367b62d
4395a8b5
43a6053e
438f9960
4300936b
00000000
00000000
00000000
00000000
00000000
00000000
00000000
00000000
00000000
00000000
00000000
00000000
00000000
00000000
00000000
00000000
00000000
00000000
00000000
00000000
00000000
00000000
415001bf
00000000
00000000
00000000
00000000
00000000
00000000
00000000
00000000
00000000
00000000
00000000
00000000
00000000
00000000
00000000
00000000
00000000
00000000
00000000
42daee0d
4308aeac
42fb2777
429edd0f
42559a32
42902325
00000000
00000000
00000000
00000000
00000000
00000000
00000000
00000000
00000000
00000000
00000000
00000000
00000000
00000000
00000000
00000000
00000000
00000000
00000000
00000000
00000000
00000000
00000000
00000000
00000000
00000000
00000000
00000000
00000000
00000000
00000000
00000000
00000000
00000000
00000000
00000000
00000000
00000000
00000000
00000000
00000000
00000000
00000000
43c8d7ad
43afc6c7
43b9f941
43d461f2
4310e36a
436d8403
417db2bf
00000000
00000000
00000000
00000000
00000000
00000000
00000000
00000000
00000000
00000000
00000000
00000000
00000000
00000000
00000000
00000000
00000000
00000000
00000000
00000000
00000000
00000000
00000000
00000000
00000000
00000000
00000000
00000000
00000000
00000000
00000000
00000000
00000000
00000000
00000000
00000000
00000000
00000000
00000000
00000000
00000000
00000000
43cde906
43abf54d
439b44a4
441352c3
43b34c9d
43d7023e
43173217
00000000
00000000
00000000
00000000
00000000
00000000
00000000
00000000
43253d3b
416895ae
42609386
00000000
00000000
00000000
00000000
00000000
00000000
00000000
00000000
00000000
00000000
4241bbd4
00000000
00000000
3f08e9f6
00000000
00000000
00000000
00000000
00000000
00000000
00000000
00000000
00000000
00000000
00000000
00000000
00000000
00000000
00000000
00000000
00000000
436cf9f9
437345b8
437f14c1
430a2db8
436b83f0
4328e281
422d1bcb
00000000
00000000
00000000
00000000
00000000
00000000
00000000
00000000
00000000
00000000
00000000
00000000
00000000
00000000
00000000
00000000
00000000
00000000
00000000
00000000
00000000
00000000
4202cbef
429c9639
00000000
00000000
00000000
00000000
00000000
42803909
00000000
00000000
00000000
00000000
00000000
00000000
00000000
00000000
00000000
00000000
00000000
00000000
430f2610
431267a2
431ff8a5
42d0a3e6
41c84f5e
429ad35e
00000000
00000000
00000000
00000000
00000000
00000000
00000000
00000000
00000000
00000000
00000000
00000000
42a31b5f
434f2b3d
00000000
3f35bf4f
00000000
00000000
00000000
00000000
00000000
00000000
00000000
00000000
00000000
42c48e63
00000000
00000000
00000000
00000000
00000000
00000000
40e82ddb
00000000
00000000
00000000
00000000
00000000
00000000
40a372e5
40f46d80
42ae6514
00000000
42db0e4b
431dc5a1
42aa8947
4340f99f
4361aca1
438f240c
00000000
00000000
00000000
00000000
00000000
00000000
00000000
00000000
00000000
42c0c752
00000000
00000000
00000000
00000000
00000000
00000000
00000000
00000000
00000000
00000000
00000000
00000000
00000000
00000000
00000000
00000000
00000000
00000000
00000000
00000000
00000000
00000000
00000000
00000000
00000000
00000000
00000000
00000000
00000000
00000000
00000000
00000000
00000000
42baa499
43647146
434ae469
434b3350
431b679f
42c8ac1b
00000000
43894a43
438cf721
429fdbe6
00000000
00000000
00000000
00000000
438b7abd
438521cd
4319ba8f
00000000
00000000
00000000
00000000
00000000
00000000
00000000
00000000
00000000
00000000
00000000
00000000
00000000
00000000
00000000
00000000
00000000
00000000
00000000
00000000
00000000
00000000
00000000
00000000
00000000
00000000
00000000
00000000
43137e80
4205404a
00000000
00000000
43189000
4310de9c
4285ac8f
4305f0f0
4306e43d
4280e499
427188f3
427be037
439e4013
437846c2
4329fac0
437a3e94
436a08f4
00000000
4301cb28
436770eb
4301e9cf
42e0bceb
438462e8
43873ad6
00000000
417a993b
00000000
00000000
41d8c06c
433532e2
4387233e
00000000
00000000
00000000
00000000
41ce9a31
43119175
43290f8f
00000000
41ac346d
42676ab9
418a64f8
41861286
42f478fb
42ca25f6
00000000
00000000
00000000
00000000
00000000
00000000
00000000
00000000
43800415
42ba76e9
430ae8cf
42e9f769
42ce8775
4376f50a
4216996c
00000000
00000000
00000000
00000000
00000000
00000000
00000000
00000000
00000000
00000000
00000000
00000000
00000000
00000000
00000000
42d2e197
00000000
00000000
00000000
00000000
00000000
00000000
42f0f1bd
422b7bd9
00000000
00000000
00000000
00000000
00000000
00000000
00000000
00000000
00000000
00000000
00000000
00000000
419a3c96
42486472
00000000
00000000
00000000
00000000
4285bfaa
438cc4d4
43d6678b
4331276e
438f99d5
4320800f
43271856
00000000
00000000
00000000
00000000
00000000
00000000
00000000
00000000
00000000
00000000
00000000
00000000
00000000
00000000
00000000
00000000
00000000
00000000
00000000
00000000
00000000
41bb67c3
00000000
00000000
00000000
00000000
00000000
00000000
00000000
00000000
00000000
00000000
00000000
00000000
00000000
00000000
00000000
00000000
00000000
00000000
00000000
00000000
4284a41a
42ca2fd7
43114af0
4301d83f
42f7f699
428b116b
41d0fc07
00000000
00000000
00000000
00000000
00000000
00000000
00000000
00000000
00000000
00000000
00000000
00000000
00000000
00000000
00000000
00000000
00000000
00000000
00000000
00000000
00000000
00000000
00000000
00000000
00000000
00000000
00000000
00000000
00000000
00000000
00000000
00000000
00000000
00000000
00000000
00000000
00000000
00000000
00000000
00000000
00000000
00000000
42c8f929
42b1a2a0
43174df1
429e7cb8
42c903e1
42f650e2
420c88ca
00000000
00000000
00000000
00000000
00000000
00000000
00000000
00000000
00000000
00000000
421b2e79
00000000
00000000
00000000
00000000
00000000
00000000
00000000
00000000
00000000
00000000
00000000
00000000
00000000
00000000
00000000
00000000
00000000
00000000
00000000
00000000
00000000
00000000
00000000
00000000
00000000
00000000
42ab4393
422688b6
00000000
00000000
00000000
42a424c7
42da878e
4333506d
43655041
434cfef7
438ac48d
41a1bdab
00000000
00000000
00000000
00000000
00000000
00000000
00000000
00000000
00000000
00000000
00000000
00000000
00000000
00000000
00000000
00000000
00000000
00000000
00000000
00000000
00000000
00000000
00000000
00000000
00000000
00000000
00000000
00000000
00000000
00000000
00000000
00000000
00000000
00000000
00000000
00000000
00000000
00000000
00000000
00000000
00000000
00000000
4358bf39
42fc0bbc
4306aade
42c249f7
4280146f
4247987d
420170bc
00000000
00000000
00000000
00000000
00000000
00000000
00000000
00000000
00000000
00000000
00000000
00000000
00000000
00000000
00000000
00000000
00000000
00000000
00000000
00000000
00000000
00000000
00000000
414569fc
00000000
00000000
00000000
00000000
00000000
00000000
00000000
00000000
00000000
00000000
00000000
00000000
00000000
00000000
00000000
00000000
00000000
00000000
42bd6e87
42b97aaa
431e2bfe
42fb3696
41be66b8
42cee3f1
3f8d408f
00000000
00000000
00000000
00000000
00000000
00000000
00000000
00000000
00000000
00000000
4384d978
43a599b9
00000000
00000000
00000000
00000000
00000000
43182e88
439b1814
420cfca0
00000000
00000000
00000000
00000000
41d1266d
434ecba1
42c33b3d
00000000
00000000
00000000
00000000
00000000
43012a8c
425f524f
00000000
00000000
00000000
00000000
00000000
00000000
00000000
00000000
43ff132a
43e326c0
433b1d33
439bfbca
43fd3875
43b75fe4
42c6a4c3
00000000
00000000
00000000
00000000
00000000
00000000
00000000
00000000
00000000
00000000
41d9f0bc
00000000
00000000
00000000
00000000
00000000
4238eda1
00000000
00000000
00000000
00000000
00000000
00000000
00000000
00000000
00000000
00000000
00000000
00000000
00000000
411d165c
41a780fd
00000000
00000000
00000000
42020554
40c8e91f
4235e71f
00000000
00000000
00000000
00000000
434ea9c9
434c4013
436c0104
4304b820
42eaace5
4231b72b
41aeb7b3
00000000
4251ac7b
40fc32fe
00000000
4208c8b2
00000000
41fa5659
00000000
00000000
00000000
00000000
00000000
00000000
421342db
00000000
00000000
00000000
3fd99ebe
00000000
40ed4d40
00000000
00000000
00000000
4083054c
4182e453
40c85183
42bed736
4209c944
00000000
00000000
420ae3b7
00000000
00000000
00000000
00000000
00000000
40904130
4236227c
42fc3c69
42c8d52a
00000000
41ebc2d5
4328f509
435bc67e
438ce4dc
4391807b
438bac47
43430488
4309b81c
00000000
00000000
00000000
00000000
00000000
00000000
00000000
00000000
00000000
00000000
00000000
00000000
00000000
00000000
00000000
00000000
00000000
00000000
00000000
00000000
00000000
00000000
00000000
00000000
00000000
00000000
00000000
00000000
00000000
00000000
00000000
00000000
00000000
00000000
00000000
427c80f7
432874cb
428b68e5
433b2265
432b9c16
41c41e4b
00000000
4322fecb
43a80dc1
439d4eaa
43a078af
431fd79d
42cea728
00000000
00000000
00000000
00000000
00000000
00000000
00000000
00000000
00000000
00000000
00000000
00000000
00000000
00000000
00000000
00000000
00000000
00000000
00000000
00000000
00000000
00000000
00000000
00000000
00000000
00000000
00000000
00000000
00000000
00000000
00000000
00000000
00000000
00000000
00000000
00000000
00000000
00000000
00000000
00000000
00000000
00000000
00000000
433baaee
438fe8b2
4286237a
42d8c645
434c7e9b
433168c6
3e95ac1b
00000000
00000000
00000000
00000000
00000000
00000000
00000000
00000000
00000000
00000000
00000000
00000000
00000000
00000000
00000000
00000000
00000000
00000000
00000000
00000000
00000000
00000000
00000000
00000000
00000000
00000000
00000000
00000000
00000000
00000000
00000000
00000000
00000000
00000000
00000000
00000000
00000000
4221769c
414f0be9
00000000
00000000
00000000
42572540
435bd25b
438e0a9f
438a00ae
43687f6b
43936a16
42758b45
42e9afc3
00000000
00000000
00000000
00000000
00000000
00000000
436fa142
436e2fe0
421e2b4f
00000000
00000000
00000000
00000000
00000000
00000000
00000000
00000000
00000000
00000000
00000000
00000000
00000000
00000000
00000000
00000000
00000000
00000000
00000000
00000000
00000000
00000000
00000000
00000000
00000000
00000000
00000000
00000000
00000000
00000000
00000000
00000000
42dab5a3
432bafc5
430b88fb
428fb831
4254738c
4274cbce
41650667
00000000
00000000
00000000
00000000
00000000
00000000
00000000
00000000
00000000
00000000
00000000
00000000
00000000
00000000
00000000
00000000
00000000
00000000
00000000
00000000
00000000
00000000
00000000
00000000
00000000
424a7045
41b6a3fc
00000000
00000000
00000000
00000000
00000000
424b6330
42c37d8e
00000000
00000000
00000000
00000000
41eda586
42bde477
4122c8ec
00000000
43015d15
431eac8e
436df271
43671812
433eb350
43057fef
00000000
00000000
00000000
00000000
00000000
00000000
00000000
00000000
00000000
00000000
00000000
00000000
00000000
00000000
00000000
00000000
00000000
00000000
00000000
00000000
00000000
00000000
00000000
00000000
00000000
00000000
00000000
00000000
00000000
00000000
00000000
00000000
00000000
00000000
00000000
00000000
00000000
00000000
00000000
00000000
00000000
00000000
00000000
430c5cc0
42f5faac
42cb6b72
428ac1c3
42f31cfa
42eb22df
419bc0a6
00000000
00000000
00000000
00000000
00000000
00000000
00000000
00000000
00000000
00000000
00000000
00000000
00000000
00000000
00000000
00000000
00000000
00000000
00000000
00000000
00000000
00000000
00000000
00000000
00000000
00000000
00000000
00000000
00000000
00000000
00000000
00000000
00000000
00000000
00000000
00000000
00000000
00000000
00000000
00000000
00000000
00000000
42d8f8ee
4269abab
42682461
42d5289b
429ad66a
42d055b2
00000000
00000000
00000000
00000000
00000000
00000000
00000000
00000000
00000000
00000000
00000000
00000000
00000000
00000000
00000000
4213f5c4
3fd313cd
41957a44
42a9883d
41b9e48f
00000000
00000000
00000000
00000000
00000000
00000000
42a4d9f1
42e8b3a3
00000000
00000000
00000000
00000000
00000000
41a86529
41f73b34
00000000
00000000
00000000
00000000
00000000
00000000
00000000
00000000
42f8127a
4299ae89
4282d9c9
4264ec22
42330e0f
42cdc8cd
00000000
00000000
00000000
00000000
00000000
00000000
00000000
00000000
42fa775f
41b3ef8d
00000000
42159d0f
43040f4b
00000000
00000000
42fb0f0e
00000000
00000000
00000000
00000000
00000000
00000000
00000000
00000000
00000000
00000000
00000000
00000000
00000000
00000000
00000000
00000000
00000000
00000000
00000000
00000000
00000000
00000000
00000000
00000000
00000000
00000000
00000000
43146a6a
42b955ae
42a6e956
427e6dd5
429dbbd6
421a0f55
00000000
00000000
00000000
00000000
00000000
00000000
41f3376d
00000000
4160c47f
00000000
00000000
00000000
00000000
4256fde5
00000000
00000000
00000000
00000000
42cc5bcc
00000000
00000000
00000000
00000000
00000000
00000000
42b7be95
00000000
00000000
00000000
00000000
00000000
00000000
00000000
00000000
41b93ce5
00000000
00000000
00000000
00000000
4172eee9
42fd8941
42d00d62
00000000
42b01f23
42bfb56f
4250503d
4283cbe2
42f7ef0d
42ac2798
410821fb
00000000
00000000
00000000
00000000
00000000
00000000
00000000
00000000
00000000
00000000
00000000
00000000
00000000
00000000
00000000
00000000
00000000
00000000
00000000
00000000
00000000
00000000
00000000
00000000
00000000
00000000
00000000
00000000
00000000
00000000
00000000
00000000
00000000
00000000
00000000
00000000
00000000
00000000
00000000
00000000
00000000
00000000
4308476d
42c87603
42d3c866
42e72ff9
4273cf99
42670e89
41bc058b
00000000
00000000
00000000
00000000
00000000
00000000
00000000
00000000
00000000
00000000
00000000
00000000
00000000
00000000
00000000
00000000
00000000
00000000
00000000
00000000
00000000
00000000
00000000
00000000
00000000
00000000
00000000
00000000
00000000
00000000
00000000
00000000
00000000
00000000
00000000
00000000
00000000
00000000
00000000
00000000
00000000
00000000
42fe72dd
43372a35
43118077
42fc8f9a
42edf5a0
43259892
00000000
00000000
00000000
00000000
00000000
00000000
00000000
00000000
00000000
00000000
00000000
00000000
00000000
00000000
00000000
00000000
00000000
00000000
00000000
00000000
00000000
00000000
00000000
421d9ac5
00000000
00000000
00000000
00000000
00000000
00000000
00000000
00000000
00000000
00000000
00000000
00000000
00000000
41c6f55a
4192c101
00000000
00000000
00000000
00000000
42ee2460
42acc7cb
429638af
430747b7
42dc8a34
42d6399a
4183334c
